typedef struct {
 int run;
 int camCol;
 int rerun;
 int stripeNumber;
 char strip[2];
 int startMu;
 int endMu;
 int field0;
 int nFields;
 char status[20];
} TSSEG;

TSSEG 1231 1 21 9 S 615000 724412 11 203 primary
TSSEG 1140 1 20 9 N 615000 724412 120 204 primary
TSSEG 1231 2 21 9 S 615000 724412 11 203 primary
TSSEG 1140 2 20 9 N 615000 724412 120 204 primary
TSSEG 1231 3 21 9 S 615000 724412 11 203 primary
TSSEG 1140 3 20 9 N 615000 724412 120 204 primary
TSSEG 1231 4 21 9 S 615000 724412 11 203 primary
TSSEG 1140 4 20 9 N 615000 724412 120 204 primary
TSSEG 1231 5 21 9 S 615000 724412 11 203 primary
TSSEG 1140 5 20 9 N 615000 724412 120 204 primary
TSSEG 1231 6 21 9 S 615000 724412 11 203 primary
TSSEG 1140 6 20 9 N 615000 724412 120 204 primary
TSSEG 1239 1 20 10 S 439001 522543 11 156 primary
TSSEG 756 1 20 10 N 439001 522543 41 156 primary
TSSEG 1239 2 20 10 S 439001 522543 11 156 primary
TSSEG 756 2 20 10 N 439001 522543 41 156 primary
TSSEG 1239 3 20 10 S 439001 522543 11 156 primary
TSSEG 756 3 20 10 N 439001 522543 41 156 primary
TSSEG 1239 4 20 10 S 439001 522543 11 156 primary
TSSEG 756 4 20 10 N 439001 522543 41 156 primary
TSSEG 1239 5 20 10 S 439001 522543 11 156 primary
TSSEG 756 5 20 10 N 439001 522543 41 156 primary
TSSEG 1239 6 20 10 S 439001 522543 11 156 primary
TSSEG 756 6 20 10 N 439001 522543 41 156 primary
TSSEG 756 1 20 10 N 522543 850016 196 608 primary
TSSEG 752 1 20 10 S 522543 851094 11 610 primary
TSSEG 745 1 20 10 N 850016 851094 517 3 primary
TSSEG 756 2 20 10 N 522543 850017 196 608 primary
TSSEG 752 2 20 10 S 522543 851094 11 610 primary
TSSEG 745 2 20 10 N 850017 851094 517 3 primary
TSSEG 756 3 20 10 N 522543 850016 196 608 primary
TSSEG 752 3 20 10 S 522543 851094 11 610 primary
TSSEG 745 3 20 10 N 850016 851094 517 3 primary
TSSEG 756 4 20 10 N 522543 850018 196 608 primary
TSSEG 752 4 20 10 S 522543 851094 11 610 primary
TSSEG 745 4 20 10 N 850018 851094 517 3 primary
TSSEG 756 5 20 10 N 522543 850019 196 608 primary
TSSEG 752 5 20 10 S 522543 851094 11 610 primary
TSSEG 745 5 20 10 N 850019 851094 517 3 primary
TSSEG 756 6 20 10 N 522543 850019 196 608 primary
TSSEG 752 6 20 10 S 522543 851094 11 610 primary
TSSEG 745 6 20 10 N 850019 851094 517 3 primary
TSSEG 752 1 20 10 S 851094 899949 620 92 primary
TSSEG 745 1 20 10 N 851094 899949 519 91 primary
TSSEG 752 2 20 10 S 851094 899949 620 92 primary
TSSEG 745 2 20 10 N 851094 899949 519 91 primary
TSSEG 752 3 20 10 S 851094 899949 620 92 primary
TSSEG 745 3 20 10 N 851094 899949 519 91 primary
TSSEG 752 4 20 10 S 851094 899949 620 92 primary
TSSEG 745 4 20 10 N 851094 899949 519 91 primary
TSSEG 752 5 20 10 S 851094 899949 620 92 primary
TSSEG 745 5 20 10 N 851094 899949 519 91 primary
TSSEG 752 6 20 10 S 851094 899949 620 92 primary
TSSEG 745 6 20 10 N 851094 899949 519 91 primary
TSSEG 1462 1 21 11 S 464131 546385 24 153 primary
TSSEG 1907 1 21 11 N 464131 546385 42 153 primary
TSSEG 1462 2 21 11 S 464131 546385 24 153 primary
TSSEG 1907 2 21 11 N 464131 546385 42 153 primary
TSSEG 1462 3 21 11 S 464131 546385 24 153 primary
TSSEG 1907 3 21 11 N 464131 546385 42 153 primary
TSSEG 1462 4 21 11 S 464131 546385 24 153 primary
TSSEG 1907 4 21 11 N 464131 546385 42 153 primary
TSSEG 1462 5 21 11 S 464131 546385 24 153 primary
TSSEG 1907 5 21 11 N 464131 546385 42 153 primary
TSSEG 1462 6 21 11 S 464131 546385 24 153 primary
TSSEG 1907 6 21 11 N 464131 546385 42 153 primary
TSSEG 1462 1 21 11 S 546385 822553 176 513 primary
TSSEG 1458 1 20 11 N 611353 822553 301 392 primary
TSSEG 1992 1 20 11 N 546385 611353 12 122 primary
TSSEG 1462 2 21 11 S 546385 822553 176 513 primary
TSSEG 1458 2 20 11 N 611353 822553 301 392 primary
TSSEG 1992 2 20 11 N 546385 611353 12 122 primary
TSSEG 1462 3 21 11 S 546385 822553 176 513 primary
TSSEG 1458 3 20 11 N 611353 822553 301 392 primary
TSSEG 1992 3 20 11 N 546385 611353 12 122 primary
TSSEG 1462 4 21 11 S 546385 822553 176 513 primary
TSSEG 1458 4 20 11 N 611353 822553 301 392 primary
TSSEG 1992 4 20 11 N 546385 611353 12 122 primary
TSSEG 1462 5 21 11 S 546385 822553 176 513 primary
TSSEG 1992 5 20 11 N 546385 642333 12 179 primary
TSSEG 1458 5 20 11 N 642333 822553 358 335 primary
TSSEG 1462 6 21 11 S 546385 822553 176 513 primary
TSSEG 1907 6 21 11 N 546385 557165 194 21 primary
TSSEG 1458 6 20 11 N 611353 822553 301 392 primary
TSSEG 1992 6 20 11 N 557165 611353 32 102 primary
TSSEG 2125 1 21 12 S 435071 603534 13 313 primary
TSSEG 2247 1 20 12 S 603534 604610 46 3 primary
TSSEG 2126 1 21 12 N 435071 604610 11 315 primary
TSSEG 2125 2 21 12 S 435071 603533 13 313 primary
TSSEG 2247 2 20 12 S 603533 604610 46 3 primary
TSSEG 2126 2 21 12 N 435071 604610 11 315 primary
TSSEG 2125 3 21 12 S 435071 603532 13 313 primary
TSSEG 2247 3 20 12 S 603532 604610 46 3 primary
TSSEG 2126 3 21 12 N 435071 604610 11 315 primary
TSSEG 2125 4 21 12 S 435071 603532 13 313 primary
TSSEG 2247 4 20 12 S 603532 604610 46 3 primary
TSSEG 2126 4 21 12 N 435071 604610 11 315 primary
TSSEG 2125 5 21 12 S 435071 603532 13 313 primary
TSSEG 2247 5 20 12 S 603532 604610 46 3 primary
TSSEG 2126 5 21 12 N 435071 604610 11 315 primary
TSSEG 2125 6 21 12 S 435071 603532 13 313 primary
TSSEG 2247 6 20 12 S 603532 604610 46 3 primary
TSSEG 2126 6 21 12 N 435071 604610 11 315 primary
TSSEG 2247 1 20 12 S 604610 667366 48 117 primary
TSSEG 2126 1 21 12 N 604610 667366 325 117 primary
TSSEG 2247 2 20 12 S 604610 667366 48 117 primary
TSSEG 2126 2 21 12 N 604610 667366 325 117 primary
TSSEG 2247 3 20 12 S 604610 667366 48 117 primary
TSSEG 2126 3 21 12 N 604610 667366 325 117 primary
TSSEG 2247 4 20 12 S 604610 667366 48 117 primary
TSSEG 2126 4 21 12 N 604610 667366 325 117 primary
TSSEG 2247 5 20 12 S 604610 667366 48 117 primary
TSSEG 2126 5 21 12 N 604610 667366 325 117 primary
TSSEG 2247 6 20 12 S 604610 667366 48 117 primary
TSSEG 2126 6 21 12 N 604610 667366 325 117 primary
TSSEG 2247 1 20 12 S 674130 757495 177 155 primary
TSSEG 2190 1 21 12 N 674130 757495 36 155 primary
TSSEG 2247 2 20 12 S 674130 757495 177 155 primary
TSSEG 2190 2 21 12 N 674130 757495 36 155 primary
TSSEG 2247 3 20 12 S 674130 757495 177 155 primary
TSSEG 2190 3 21 12 N 674130 757495 36 155 primary
TSSEG 2247 4 20 12 S 674130 757495 177 155 primary
TSSEG 2190 4 21 12 N 674130 757495 36 155 primary
TSSEG 2247 5 20 12 S 674130 757495 177 155 primary
TSSEG 2190 5 21 12 N 674130 757495 36 155 primary
TSSEG 2247 6 20 12 S 674130 757495 177 155 primary
TSSEG 2190 6 21 12 N 674130 757495 36 155 primary
TSSEG 1478 1 20 12 S 757495 867446 17 204 primary
TSSEG 2190 1 21 12 N 757495 867446 190 205 primary
TSSEG 1478 2 20 12 S 757495 867446 17 204 primary
TSSEG 2190 2 21 12 N 757495 867446 190 205 primary
TSSEG 1478 3 20 12 S 757495 867446 17 204 primary
TSSEG 2190 3 21 12 N 757495 867446 190 205 primary
TSSEG 1478 4 20 12 S 757495 867446 17 204 primary
TSSEG 2190 4 21 12 N 757495 867446 190 205 primary
TSSEG 1478 5 20 12 S 757495 867446 17 204 primary
TSSEG 2190 5 21 12 N 757495 867446 190 205 primary
TSSEG 1478 6 20 12 S 757495 867446 17 204 primary
TSSEG 2190 6 21 12 N 757495 867446 190 205 primary
TSSEG 2137 1 21 34 N 452663 594937 47 264 primary
TSSEG 2131 1 21 34 S 452663 513051 17 113 primary
TSSEG 2243 1 20 34 S 513051 594937 53 153 primary
TSSEG 2137 2 21 34 N 452663 594937 47 264 primary
TSSEG 2131 2 21 34 S 452663 513050 17 113 primary
TSSEG 2243 2 20 34 S 513050 594937 53 153 primary
TSSEG 2137 3 21 34 N 452663 594937 47 264 primary
TSSEG 2131 3 21 34 S 452663 513050 17 113 primary
TSSEG 2243 3 20 34 S 513050 594937 53 153 primary
TSSEG 2137 4 21 34 N 452663 594937 47 264 primary
TSSEG 2131 4 21 34 S 452663 513051 17 113 primary
TSSEG 2243 4 20 34 S 513051 594937 53 153 primary
TSSEG 2137 5 21 34 N 452663 594937 47 264 primary
TSSEG 2131 5 21 34 S 452663 513051 17 113 primary
TSSEG 2243 5 20 34 S 513051 594937 53 153 primary
TSSEG 2137 6 21 34 N 452663 594937 47 264 primary
TSSEG 2131 6 21 34 S 452663 513051 17 113 primary
TSSEG 2243 6 20 34 S 513051 594937 53 153 primary
TSSEG 1896 1 20 35 S 600197 629735 46 55 primary
TSSEG 2075 1 20 35 S 516272 537829 30 40 primary
TSSEG 1889 1 23 35 S 471938 516272 40 83 primary
TSSEG 1889 1 23 35 S 537829 542537 162 9 primary
TSSEG 2074 1 21 35 S 542537 600197 76 108 primary
TSSEG 2076 1 20 35 N 471938 544063 40 134 primary
TSSEG 1895 1 21 35 N 544063 629735 161 159 primary
TSSEG 1896 2 20 35 S 600196 629735 46 55 primary
TSSEG 2075 2 20 35 S 516271 537827 30 40 primary
TSSEG 1889 2 23 35 S 471938 516271 40 83 primary
TSSEG 1889 2 23 35 S 537827 542537 162 9 primary
TSSEG 2074 2 21 35 S 542537 600196 76 108 primary
TSSEG 2076 2 20 35 N 471938 544063 40 134 primary
TSSEG 1895 2 21 35 N 544063 629735 161 159 primary
TSSEG 1896 3 20 35 S 600196 629735 46 55 primary
TSSEG 2075 3 20 35 S 516271 537826 30 40 primary
TSSEG 1889 3 23 35 S 471938 516271 40 83 primary
TSSEG 1889 3 23 35 S 537826 542537 162 9 primary
TSSEG 2074 3 21 35 S 542537 600196 76 108 primary
TSSEG 2076 3 20 35 N 471938 544063 40 134 primary
TSSEG 1895 3 21 35 N 544063 629735 161 159 primary
TSSEG 1896 4 20 35 S 600196 629735 46 55 primary
TSSEG 2075 4 20 35 S 516270 537825 30 40 primary
TSSEG 1889 4 23 35 S 471938 516270 40 83 primary
TSSEG 1889 4 23 35 S 537825 542538 162 9 primary
TSSEG 2074 4 21 35 S 542538 600196 76 108 primary
TSSEG 2076 4 20 35 N 471938 544064 40 134 primary
TSSEG 1895 4 21 35 N 544064 629735 161 159 primary
TSSEG 1896 5 20 35 S 600196 629735 46 55 primary
TSSEG 2075 5 20 35 S 516270 537824 30 40 primary
TSSEG 1889 5 23 35 S 471938 516270 40 83 primary
TSSEG 1889 5 23 35 S 537824 542539 162 9 primary
TSSEG 2074 5 21 35 S 542539 600196 76 108 primary
TSSEG 2076 5 20 35 N 471938 544064 40 134 primary
TSSEG 1895 5 21 35 N 544064 629735 161 159 primary
TSSEG 1896 6 20 35 S 600195 629735 46 55 primary
TSSEG 2075 6 20 35 S 516269 537822 30 40 primary
TSSEG 1889 6 23 35 S 471938 516269 40 83 primary
TSSEG 1889 6 23 35 S 537822 542539 162 9 primary
TSSEG 2074 6 21 35 S 542539 600195 76 108 primary
TSSEG 2076 6 20 35 N 471938 544065 40 134 primary
TSSEG 1895 6 21 35 N 544065 629735 161 159 primary
TSSEG 1896 1 20 35 S 629735 676200 100 87 primary
TSSEG 2326 1 20 35 S 676200 775955 84 186 primary
TSSEG 2298 1 20 35 N 629735 646646 61 32 primary
TSSEG 2304 1 20 35 N 646646 742545 162 178 primary
TSSEG 2299 1 20 35 N 742545 775955 198 63 primary
TSSEG 1896 2 20 35 S 629735 676199 100 87 primary
TSSEG 2326 2 20 35 S 676199 775955 84 186 primary
TSSEG 2298 2 20 35 N 629735 646645 61 32 primary
TSSEG 2304 2 20 35 N 646645 742544 162 178 primary
TSSEG 2299 2 20 35 N 742544 775955 198 63 primary
TSSEG 1896 3 20 35 S 629735 676199 100 87 primary
TSSEG 2326 3 20 35 S 676199 775955 84 186 primary
TSSEG 2298 3 20 35 N 629735 646645 61 32 primary
TSSEG 2304 3 20 35 N 646645 742544 162 178 primary
TSSEG 2299 3 20 35 N 742544 775955 198 63 primary
TSSEG 1896 4 20 35 S 629735 676199 100 87 primary
TSSEG 2326 4 20 35 S 676199 775955 84 186 primary
TSSEG 2298 4 20 35 N 629735 646645 61 32 primary
TSSEG 2304 4 20 35 N 646645 742544 162 178 primary
TSSEG 2299 4 20 35 N 742544 775955 198 63 primary
TSSEG 1896 5 20 35 S 629735 676199 100 87 primary
TSSEG 2326 5 20 35 S 676199 775955 84 186 primary
TSSEG 2298 5 20 35 N 629735 646645 61 32 primary
TSSEG 2304 5 20 35 N 646645 742544 162 178 primary
TSSEG 2299 5 20 35 N 742544 775955 198 63 primary
TSSEG 1896 6 20 35 S 629735 676198 100 87 primary
TSSEG 2326 6 20 35 S 676198 775955 84 186 primary
TSSEG 2298 6 20 35 N 629735 646645 61 32 primary
TSSEG 2304 6 20 35 N 646645 742544 162 178 primary
TSSEG 2299 6 20 35 N 742544 775955 198 63 primary
TSSEG 2328 1 20 35 S 799349 890419 11 169 primary
TSSEG 2326 1 20 35 S 775955 799349 269 45 primary
TSSEG 2299 1 20 35 N 775955 813042 260 69 primary
TSSEG 2305 1 20 35 N 813042 890419 36 145 primary
TSSEG 2328 2 20 35 S 799348 890419 11 169 primary
TSSEG 2326 2 20 35 S 775955 799348 269 45 primary
TSSEG 2299 2 20 35 N 775955 813041 260 69 primary
TSSEG 2305 2 20 35 N 813041 890419 36 145 primary
TSSEG 2328 3 20 35 S 799348 890419 11 169 primary
TSSEG 2326 3 20 35 S 775955 799348 269 45 primary
TSSEG 2299 3 20 35 N 775955 813041 260 69 primary
TSSEG 2305 3 20 35 N 813041 890419 36 145 primary
TSSEG 2328 4 20 35 S 799347 890419 11 169 primary
TSSEG 2326 4 20 35 S 775955 799347 269 45 primary
TSSEG 2299 4 20 35 N 775955 813041 260 69 primary
TSSEG 2305 4 20 35 N 813041 890419 36 145 primary
TSSEG 2328 5 20 35 S 799347 890419 11 169 primary
TSSEG 2326 5 20 35 S 775955 799347 269 45 primary
TSSEG 2299 5 20 35 N 775955 813041 260 69 primary
TSSEG 2305 5 20 35 N 813041 890419 36 145 primary
TSSEG 2328 6 20 35 S 799346 890419 11 169 primary
TSSEG 2326 6 20 35 S 775955 799346 269 45 primary
TSSEG 2299 6 20 35 N 775955 813041 260 69 primary
TSSEG 2305 6 20 35 N 813041 890419 36 145 primary
TSSEG 1331 1 20 36 S 492185 603270 64 207 primary
TSSEG 1345 1 21 36 N 502960 603270 60 187 primary
TSSEG 1345 1 22 36 N 492185 502960 40 21 primary
TSSEG 1331 2 20 36 S 492185 603270 64 207 primary
TSSEG 1345 2 21 36 N 502961 603270 60 187 primary
TSSEG 1345 2 22 36 N 492185 502961 40 21 primary
TSSEG 1331 3 20 36 S 492185 603270 64 207 primary
TSSEG 1345 3 21 36 N 502961 603270 60 187 primary
TSSEG 1345 3 22 36 N 492185 502961 40 21 primary
TSSEG 1331 4 20 36 S 492185 603270 64 207 primary
TSSEG 1345 4 21 36 N 502962 603270 60 187 primary
TSSEG 1345 4 22 36 N 492185 502962 40 21 primary
TSSEG 1331 5 20 36 S 492185 603270 64 207 primary
TSSEG 1345 5 21 36 N 502963 603270 60 187 primary
TSSEG 1345 5 22 36 N 492185 502963 40 21 primary
TSSEG 1331 6 20 36 S 492185 603270 64 207 primary
TSSEG 1345 6 21 36 N 502964 603270 60 187 primary
TSSEG 1345 6 22 36 N 492185 502964 40 21 primary
TSSEG 1332 1 21 36 S 603270 630358 18 51 primary
TSSEG 1345 1 21 36 N 603270 630358 246 51 primary
TSSEG 1332 2 21 36 S 603270 630358 18 51 primary
TSSEG 1345 2 21 36 N 603270 630358 246 51 primary
TSSEG 1332 3 21 36 S 603270 630358 18 51 primary
TSSEG 1345 3 21 36 N 603270 630358 246 51 primary
TSSEG 1332 4 21 36 S 603270 630358 18 51 primary
TSSEG 1345 4 21 36 N 603270 630358 246 51 primary
TSSEG 1332 5 21 36 S 603270 630358 18 51 primary
TSSEG 1345 5 21 36 N 603270 630358 246 51 primary
TSSEG 1332 6 21 36 S 603270 630358 18 51 primary
TSSEG 1345 6 21 36 N 603270 630358 246 51 primary
TSSEG 1345 1 21 36 N 675413 750790 380 140 primary
TSSEG 2189 1 20 36 N 634942 675413 41 76 primary
TSSEG 2078 1 22 36 S 634942 696722 45 115 primary
TSSEG 2134 1 21 36 S 696722 750790 38 101 primary
TSSEG 1345 2 21 36 N 675413 750790 380 140 primary
TSSEG 2189 2 20 36 N 634942 675413 41 76 primary
TSSEG 2078 2 22 36 S 634942 696721 45 115 primary
TSSEG 2134 2 21 36 S 696721 750790 38 101 primary
TSSEG 1345 3 21 36 N 675414 750790 380 140 primary
TSSEG 2189 3 20 36 N 634942 675414 41 76 primary
TSSEG 2078 3 22 36 S 634942 696721 45 115 primary
TSSEG 2134 3 21 36 S 696721 750790 38 101 primary
TSSEG 1345 4 21 36 N 675416 750790 380 140 primary
TSSEG 2189 4 20 36 N 634942 675416 41 76 primary
TSSEG 2078 4 22 36 S 634942 696720 45 115 primary
TSSEG 2134 4 21 36 S 696720 750790 38 101 primary
TSSEG 1345 5 21 36 N 675417 750790 380 140 primary
TSSEG 2189 5 20 36 N 634942 675417 41 76 primary
TSSEG 2078 5 22 36 S 634942 696720 45 115 primary
TSSEG 2134 5 21 36 S 696720 750790 38 101 primary
TSSEG 1345 6 21 36 N 675418 750790 380 140 primary
TSSEG 2189 6 20 36 N 634942 675418 41 76 primary
TSSEG 2078 6 22 36 S 634942 696720 45 115 primary
TSSEG 2134 6 21 36 S 696720 750790 38 101 primary
TSSEG 1345 1 21 36 N 754305 845720 526 170 primary
TSSEG 2248 1 20 36 S 754305 845720 28 170 primary
TSSEG 1345 2 21 36 N 754305 845720 526 170 primary
TSSEG 2248 2 20 36 S 754305 845720 28 170 primary
TSSEG 1345 3 21 36 N 754305 845720 526 170 primary
TSSEG 2248 3 20 36 S 754305 845720 28 170 primary
TSSEG 1345 4 21 36 N 754305 845720 526 170 primary
TSSEG 2248 4 20 36 S 754305 845720 28 170 primary
TSSEG 1345 5 21 36 N 754305 845720 526 170 primary
TSSEG 2248 5 20 36 S 754305 845720 28 170 primary
TSSEG 1345 6 21 36 N 754305 845720 526 170 primary
TSSEG 2248 6 20 36 S 754305 845720 28 170 primary
TSSEG 2248 1 20 36 S 845720 887420 197 78 primary
TSSEG 2335 1 20 36 N 845720 887420 71 78 primary
TSSEG 2248 2 20 36 S 845720 887420 197 78 primary
TSSEG 2335 2 20 36 N 845720 887420 71 78 primary
TSSEG 2248 3 20 36 S 845720 887420 197 78 primary
TSSEG 2335 3 20 36 N 845720 887420 71 78 primary
TSSEG 2248 4 20 36 S 845720 887420 197 78 primary
TSSEG 2335 4 20 36 N 845720 887420 71 78 primary
TSSEG 2248 5 20 36 S 845720 887420 197 78 primary
TSSEG 2335 5 20 36 N 845720 887420 71 78 primary
TSSEG 2248 6 20 36 S 845720 887420 197 79 primary
TSSEG 2335 6 20 36 N 845720 887420 71 78 primary
TSSEG 1350 1 22 37 S 477561 581100 20 193 primary
TSSEG 1450 1 20 37 N 526662 581100 11 101 primary
TSSEG 1402 1 20 37 N 477561 526662 11 92 primary
TSSEG 1350 2 22 37 S 477561 581100 20 193 primary
TSSEG 1450 2 20 37 N 526662 581100 11 101 primary
TSSEG 1402 2 20 37 N 477561 526662 11 92 primary
TSSEG 1350 3 22 37 S 477561 581100 20 193 primary
TSSEG 1450 3 20 37 N 526663 581100 11 101 primary
TSSEG 1402 3 20 37 N 477561 526663 11 92 primary
TSSEG 1350 4 22 37 S 477561 581100 20 193 primary
TSSEG 1450 4 20 37 N 526663 581100 11 101 primary
TSSEG 1402 4 20 37 N 477561 526663 11 92 primary
TSSEG 1350 5 22 37 S 477561 581100 20 193 primary
TSSEG 1450 5 20 37 N 526664 581100 11 101 primary
TSSEG 1402 5 20 37 N 477561 526664 11 92 primary
TSSEG 1350 6 22 37 S 477561 581100 20 193 primary
TSSEG 1450 6 20 37 N 526664 581100 11 101 primary
TSSEG 1402 6 20 37 N 477561 526664 11 92 primary
TSSEG 1350 1 22 37 S 581100 717831 212 254 primary
TSSEG 1412 1 20 37 N 581100 717831 11 255 primary
TSSEG 1350 2 22 37 S 581100 717831 212 254 primary
TSSEG 1412 2 20 37 N 581100 717831 11 255 primary
TSSEG 1350 3 22 37 S 581100 717831 212 254 primary
TSSEG 1412 3 20 37 N 581100 717831 11 255 primary
TSSEG 1350 4 22 37 S 581100 717831 212 254 primary
TSSEG 1412 4 20 37 N 581100 717831 11 255 primary
TSSEG 1350 5 22 37 S 581100 717831 212 254 primary
TSSEG 1412 5 20 37 N 581100 717831 11 255 primary
TSSEG 1350 6 22 37 S 581100 717831 212 254 primary
TSSEG 1412 6 20 37 N 581100 717831 11 255 primary
TSSEG 2206 1 20 37 S 718022 784835 36 124 primary
TSSEG 1412 1 20 37 N 718022 784835 266 124 primary
TSSEG 2206 2 20 37 S 718022 784835 36 124 primary
TSSEG 1412 2 20 37 N 718022 784835 266 124 primary
TSSEG 2206 3 20 37 S 718022 784835 36 124 primary
TSSEG 1412 3 20 37 N 718022 784835 266 124 primary
TSSEG 2206 4 20 37 S 718022 784835 36 124 primary
TSSEG 1412 4 20 37 N 718022 784835 266 124 primary
TSSEG 2206 5 20 37 S 718022 784835 36 124 primary
TSSEG 1412 5 20 37 N 718022 784835 266 124 primary
TSSEG 2206 6 20 37 S 718022 784835 36 124 primary
TSSEG 1412 6 20 37 N 718022 784835 266 124 primary
TSSEG 2207 1 20 37 S 788748 840481 22 97 primary
TSSEG 1453 1 20 37 N 788748 840481 28 96 primary
TSSEG 2207 2 20 37 S 788748 840481 22 97 primary
TSSEG 1453 2 20 37 N 788748 840481 28 96 primary
TSSEG 2207 3 20 37 S 788748 840481 22 97 primary
TSSEG 1453 3 20 37 N 788748 840481 28 96 primary
TSSEG 2207 4 20 37 S 788748 840481 22 97 primary
TSSEG 1453 4 20 37 N 788748 840481 28 96 primary
TSSEG 2207 5 20 37 S 788748 840481 22 97 primary
TSSEG 1453 5 20 37 N 788748 840481 28 96 primary
TSSEG 2207 6 20 37 S 788748 840481 22 97 primary
TSSEG 1453 6 20 37 N 788748 840481 28 96 primary
TSSEG 1339 1 21 42 S 750191 795786 11 85 primary
TSSEG 1336 1 21 42 N 750191 795786 11 85 primary
TSSEG 1339 2 21 42 S 750191 795786 11 85 primary
TSSEG 1336 2 21 42 N 750191 795786 11 85 primary
TSSEG 1339 3 21 42 S 750191 795786 11 85 primary
TSSEG 1336 3 21 42 N 750191 795786 11 85 primary
TSSEG 1339 4 21 42 S 750191 795786 11 85 primary
TSSEG 1336 4 21 42 N 750191 795786 11 85 primary
TSSEG 1339 5 21 42 S 750191 795786 11 85 primary
TSSEG 1336 5 21 42 N 750191 795786 11 85 primary
TSSEG 1339 6 21 42 S 750191 795786 11 85 primary
TSSEG 1336 6 21 42 N 750191 795786 11 85 primary
TSSEG 1359 1 21 43 S 748278 794938 19 87 primary
TSSEG 1356 1 21 43 N 748278 794938 20 87 primary
TSSEG 1359 2 21 43 S 748278 794938 19 87 primary
TSSEG 1356 2 21 43 N 748278 794938 20 87 primary
TSSEG 1359 3 21 43 S 748278 794938 19 87 primary
TSSEG 1356 3 21 43 N 748278 794938 20 87 primary
TSSEG 1359 4 21 43 S 748278 794938 19 87 primary
TSSEG 1356 4 21 43 N 748278 794938 20 87 primary
TSSEG 1359 5 21 43 S 748278 794938 19 87 primary
TSSEG 1356 5 21 43 N 748278 794938 20 87 primary
TSSEG 1359 6 21 43 S 748278 794938 19 87 primary
TSSEG 1356 6 21 43 N 748278 794938 20 87 primary
TSSEG 1035 1 20 76 S 1320980 1414739 11 174 primary
TSSEG 1043 1 20 76 N 1320980 1414739 47 175 primary
TSSEG 1035 2 20 76 S 1320980 1414739 11 174 primary
TSSEG 1043 2 20 76 N 1320980 1414739 47 175 primary
TSSEG 1035 3 20 76 S 1320980 1414739 11 174 primary
TSSEG 1043 3 20 76 N 1320980 1414739 47 175 primary
TSSEG 1035 4 20 76 S 1320980 1414739 11 174 primary
TSSEG 1043 4 20 76 N 1320980 1414739 47 175 primary
TSSEG 1035 5 20 76 S 1320980 1414739 11 174 primary
TSSEG 1043 5 20 76 N 1320980 1414739 47 175 primary
TSSEG 1035 6 20 76 S 1320980 1414739 11 174 primary
TSSEG 1043 6 20 76 N 1320980 1414739 47 175 primary
TSSEG 3325 1 20 82 S 1243586 1510917 11 496 primary
TSSEG 2662 1 20 82 N 1243586 1379047 185 252 primary
TSSEG 2738 1 20 82 N 1379047 1510917 72 246 primary
TSSEG 3325 2 20 82 S 1243586 1510917 11 496 primary
TSSEG 2662 2 20 82 N 1243586 1379047 185 252 primary
TSSEG 2738 2 20 82 N 1379047 1510917 72 246 primary
TSSEG 3325 3 20 82 S 1243586 1510917 11 496 primary
TSSEG 2662 3 20 82 N 1243586 1379047 185 252 primary
TSSEG 2738 3 20 82 N 1379047 1510917 72 246 primary
TSSEG 3325 4 20 82 S 1243586 1510917 11 496 primary
TSSEG 2662 4 20 82 N 1243586 1379047 185 252 primary
TSSEG 2738 4 20 82 N 1379047 1510917 72 246 primary
TSSEG 3325 5 20 82 S 1243586 1510917 11 496 primary
TSSEG 2662 5 20 82 N 1243586 1379047 185 252 primary
TSSEG 2738 5 20 82 N 1379047 1510917 72 246 primary
TSSEG 3325 6 20 82 S 1243586 1510917 11 496 primary
TSSEG 2662 6 20 82 N 1243586 1379047 185 252 primary
TSSEG 2738 6 20 82 N 1379047 1510917 72 246 primary
TSSEG 1737 1 20 86 S 1113340 1184468 11 132 primary
TSSEG 1659 1 22 86 N 1113340 1184468 25 133 primary
TSSEG 1737 2 20 86 S 1113340 1184468 11 132 primary
TSSEG 1659 2 22 86 N 1113340 1184468 25 133 primary
TSSEG 1737 3 20 86 S 1113340 1184468 11 132 primary
TSSEG 1659 3 22 86 N 1113340 1184468 25 133 primary
TSSEG 1737 4 20 86 S 1113340 1184468 11 132 primary
TSSEG 1659 4 22 86 N 1113340 1184468 25 133 primary
TSSEG 1737 5 20 86 S 1113340 1184468 11 132 primary
TSSEG 1659 5 22 86 N 1113340 1184468 25 133 primary
TSSEG 1737 6 20 86 S 1113340 1184468 11 132 primary
TSSEG 1659 6 22 86 N 1113340 1184468 25 133 primary
TSSEG 1729 1 21 86 S 1257369 1374127 11 217 primary
TSSEG 1740 1 21 86 N 1290049 1374127 11 156 primary
TSSEG 1659 1 22 86 N 1257369 1265238 292 15 primary
TSSEG 1891 1 20 86 N 1265238 1290049 42 47 primary
TSSEG 1729 2 21 86 S 1257369 1374127 11 217 primary
TSSEG 1740 2 21 86 N 1290049 1374127 11 156 primary
TSSEG 1659 2 22 86 N 1257369 1265237 292 15 primary
TSSEG 1891 2 20 86 N 1265237 1290049 42 47 primary
TSSEG 1729 3 21 86 S 1257369 1374127 11 217 primary
TSSEG 1740 3 21 86 N 1290049 1374127 11 156 primary
TSSEG 1659 3 22 86 N 1257369 1265237 292 15 primary
TSSEG 1891 3 20 86 N 1265237 1290049 42 47 primary
TSSEG 1729 4 21 86 S 1257369 1374127 11 217 primary
TSSEG 1740 4 21 86 N 1290050 1374127 11 156 primary
TSSEG 1659 4 22 86 N 1257369 1265237 292 15 primary
TSSEG 1891 4 20 86 N 1265237 1290050 42 47 primary
TSSEG 1729 5 21 86 S 1257369 1374127 11 217 primary
TSSEG 1740 5 21 86 N 1290050 1374127 11 156 primary
TSSEG 1659 5 22 86 N 1257369 1265237 292 15 primary
TSSEG 1891 5 20 86 N 1265237 1290050 42 47 primary
TSSEG 1729 6 21 86 S 1257369 1374127 11 217 primary
TSSEG 1740 6 21 86 N 1290050 1374127 11 156 primary
TSSEG 1659 6 22 86 N 1257369 1265237 292 15 primary
TSSEG 1891 6 20 86 N 1265237 1290050 42 47 primary
TSSEG 1729 1 21 86 S 1375980 1401848 231 49 primary
TSSEG 1741 1 20 86 N 1375980 1401848 11 48 primary
TSSEG 1729 2 21 86 S 1375980 1401848 231 49 primary
TSSEG 1741 2 20 86 N 1375980 1401848 11 48 primary
TSSEG 1729 3 21 86 S 1375980 1401848 231 49 primary
TSSEG 1741 3 20 86 N 1375980 1401848 11 48 primary
TSSEG 1729 4 21 86 S 1375980 1401848 231 49 primary
TSSEG 1741 4 20 86 N 1375980 1401848 11 48 primary
TSSEG 1729 5 21 86 S 1375980 1401848 231 49 primary
TSSEG 1741 5 20 86 N 1375980 1401848 11 48 primary
TSSEG 1729 6 21 86 S 1375980 1401848 231 49 primary
TSSEG 1741 6 20 86 N 1375980 1401848 11 48 primary
TSSEG 1729 1 21 86 S 1402340 1422868 279 40 primary
TSSEG 1869 1 21 86 N 1408944 1422868 44 26 primary
TSSEG 1893 1 20 86 N 1402340 1408944 11 13 primary
TSSEG 1729 2 21 86 S 1402340 1422868 279 40 primary
TSSEG 1869 2 21 86 N 1408944 1422868 44 26 primary
TSSEG 1893 2 20 86 N 1402340 1408944 11 13 primary
TSSEG 1729 3 21 86 S 1402340 1422868 279 40 primary
TSSEG 1869 3 21 86 N 1408944 1422868 44 26 primary
TSSEG 1893 3 20 86 N 1402340 1408944 11 13 primary
TSSEG 1729 4 21 86 S 1402340 1422868 279 40 primary
TSSEG 1869 4 21 86 N 1408944 1422868 44 26 primary
TSSEG 1893 4 20 86 N 1402340 1408944 11 13 primary
TSSEG 1729 5 21 86 S 1402340 1422868 279 40 primary
TSSEG 1869 5 21 86 N 1408944 1422868 44 26 primary
TSSEG 1893 5 20 86 N 1402340 1408944 11 13 primary
TSSEG 1729 6 21 86 S 1402340 1422868 279 40 primary
TSSEG 1869 6 21 86 N 1408943 1422868 44 26 primary
TSSEG 1893 6 20 86 N 1402340 1408943 11 13 primary
TSSEG 1729 1 21 86 S 1422868 1521993 318 184 primary
TSSEG 1869 1 21 86 N 1422868 1439122 69 31 primary
TSSEG 1045 1 20 86 N 1439122 1521993 41 154 primary
TSSEG 1729 2 21 86 S 1422868 1521993 318 184 primary
TSSEG 1893 2 20 86 N 1422868 1463235 49 75 primary
TSSEG 1045 2 20 86 N 1463235 1521993 85 110 primary
TSSEG 1729 3 21 86 S 1422868 1521993 318 184 primary
TSSEG 1045 3 20 86 N 1422868 1521993 11 184 primary
TSSEG 1729 4 21 86 S 1422868 1521993 318 184 primary
TSSEG 1045 4 20 86 N 1422868 1521993 11 184 primary
TSSEG 1729 5 21 86 S 1422868 1521993 318 184 primary
TSSEG 1045 5 20 86 N 1422868 1521993 11 184 primary
TSSEG 1729 6 21 86 S 1422868 1521993 318 184 primary
TSSEG 1045 6 20 86 N 1422868 1521993 11 184 primary
