typedef struct {
 int run;
 int camCol;
 int rerun;
 int stripeNumber;
 char strip[2];
 int startMu;
 int endMu;
 int field0;
 int nFields;
 char status[20];
} TSSEG;

TSSEG 1231 1 1 9 S 614999 724412 11 203 primary
TSSEG 1140 1 1 9 N 614999 724412 120 204 primary
TSSEG 1231 2 1 9 S 614999 724412 11 203 primary
TSSEG 1140 2 1 9 N 614999 724412 120 204 primary
TSSEG 1231 3 1 9 S 614999 724412 11 203 primary
TSSEG 1140 3 1 9 N 614999 724412 120 204 primary
TSSEG 1231 4 1 9 S 614999 724412 11 203 primary
TSSEG 1140 4 1 9 N 614999 724412 120 204 primary
TSSEG 1231 5 1 9 S 614999 724412 11 203 primary
TSSEG 1140 5 1 9 N 614999 724412 120 204 primary
TSSEG 1231 6 1 9 S 614999 724412 11 203 primary
TSSEG 1140 6 1 9 N 614999 724412 120 204 primary
TSSEG 1239 1 6 10 S 439001 522543 11 156 primary
TSSEG 756 1 6 10 N 439001 522543 41 156 primary
TSSEG 1239 2 6 10 S 439001 522543 11 156 primary
TSSEG 756 2 6 10 N 439001 522543 41 156 primary
TSSEG 1239 3 6 10 S 439001 522543 11 156 primary
TSSEG 756 3 6 10 N 439001 522543 41 156 primary
TSSEG 1239 4 6 10 S 439001 522543 11 156 primary
TSSEG 756 4 6 10 N 439001 522543 41 156 primary
TSSEG 1239 5 6 10 S 439001 522543 11 156 primary
TSSEG 756 5 6 10 N 439001 522543 41 156 primary
TSSEG 1239 6 6 10 S 439001 522543 11 156 primary
TSSEG 756 6 6 10 N 439001 522543 41 156 primary
TSSEG 752 1 1 10 S 522543 851094 11 610 primary
TSSEG 756 1 1 10 N 522543 851094 196 610 primary
TSSEG 752 2 1 10 S 522543 851094 11 610 primary
TSSEG 756 2 1 10 N 522543 851094 196 610 primary
TSSEG 752 3 1 10 S 522543 851094 11 610 primary
TSSEG 756 3 1 10 N 522543 851094 196 610 primary
TSSEG 752 4 1 10 S 522543 851094 11 610 primary
TSSEG 756 4 1 10 N 522543 851094 196 610 primary
TSSEG 752 5 1 10 S 522543 851094 11 610 primary
TSSEG 756 5 1 10 N 522543 851094 196 610 primary
TSSEG 752 6 1 10 S 522543 851094 11 610 primary
TSSEG 756 6 1 10 N 522543 851094 196 610 primary
TSSEG 752 1 1 10 S 851094 899949 620 92 primary
TSSEG 745 1 1 10 N 851094 899949 519 91 primary
TSSEG 752 2 1 10 S 851094 899949 620 92 primary
TSSEG 745 2 1 10 N 851094 899949 519 91 primary
TSSEG 752 3 1 10 S 851094 899949 620 92 primary
TSSEG 745 3 1 10 N 851094 899949 519 91 primary
TSSEG 752 4 1 10 S 851094 899949 620 92 primary
TSSEG 745 4 1 10 N 851094 899949 519 91 primary
TSSEG 752 5 1 10 S 851094 899949 620 92 primary
TSSEG 745 5 1 10 N 851094 899949 519 91 primary
TSSEG 752 6 1 10 S 851094 899949 620 92 primary
TSSEG 745 6 1 10 N 851094 899949 519 91 primary
TSSEG 1462 1 1 11 S 464131 546385 24 153 primary
TSSEG 1907 1 0 11 N 464131 546385 42 153 primary
TSSEG 1462 2 1 11 S 464131 546385 24 153 primary
TSSEG 1907 2 0 11 N 464131 546385 42 153 primary
TSSEG 1462 3 1 11 S 464131 546385 24 153 primary
TSSEG 1907 3 0 11 N 464131 546385 42 153 primary
TSSEG 1462 4 1 11 S 464131 546385 24 153 primary
TSSEG 1907 4 0 11 N 464131 546385 42 153 primary
TSSEG 1462 5 1 11 S 464131 546385 24 153 primary
TSSEG 1907 5 0 11 N 464131 546385 42 153 primary
TSSEG 1462 6 1 11 S 464131 546385 24 153 primary
TSSEG 1907 6 0 11 N 464131 546385 42 153 primary
TSSEG 1462 1 1 11 S 546385 822557 176 513 primary
TSSEG 1992 1 0 11 N 546385 642334 12 179 primary
TSSEG 1458 1 2 11 N 642334 822557 358 335 primary
TSSEG 1462 2 1 11 S 546385 822557 176 513 primary
TSSEG 1992 2 0 11 N 546385 642333 12 179 primary
TSSEG 1458 2 2 11 N 642333 822557 358 335 primary
TSSEG 1462 3 1 11 S 546385 822557 176 513 primary
TSSEG 1992 3 0 11 N 546385 642333 12 179 primary
TSSEG 1458 3 2 11 N 642333 822557 358 335 primary
TSSEG 1462 4 1 11 S 546385 822557 176 513 primary
TSSEG 1992 4 0 11 N 546385 642333 12 179 primary
TSSEG 1458 4 2 11 N 642333 822557 358 335 primary
TSSEG 1462 5 1 11 S 546385 822557 176 513 primary
TSSEG 1992 5 0 11 N 546385 642333 12 179 primary
TSSEG 1458 5 2 11 N 642333 822557 358 335 primary
TSSEG 1462 6 1 11 S 546385 822557 176 513 primary
TSSEG 1992 6 0 11 N 546385 642332 12 179 primary
TSSEG 1458 6 2 11 N 642332 822557 358 335 primary
TSSEG 2125 1 0 12 S 435071 604610 13 315 primary
TSSEG 2126 1 0 12 N 435071 604610 11 315 primary
TSSEG 2125 2 0 12 S 435071 604610 13 315 primary
TSSEG 2126 2 0 12 N 435071 604610 11 315 primary
TSSEG 2125 3 0 12 S 435071 604610 13 315 primary
TSSEG 2126 3 0 12 N 435071 604610 11 315 primary
TSSEG 2125 4 0 12 S 435071 604610 13 315 primary
TSSEG 2126 4 0 12 N 435071 604610 11 315 primary
TSSEG 2125 5 0 12 S 435071 604610 13 315 primary
TSSEG 2126 5 0 12 N 435071 604610 11 315 primary
TSSEG 2125 6 0 12 S 435071 604610 13 315 primary
TSSEG 2126 6 0 12 N 435071 604610 11 315 primary
TSSEG 2247 1 0 12 S 604610 666827 48 116 primary
TSSEG 2126 1 0 12 N 604610 666827 325 116 primary
TSSEG 2247 2 0 12 S 604610 666827 48 116 primary
TSSEG 2126 2 0 12 N 604610 666827 325 116 primary
TSSEG 2247 3 0 12 S 604610 666827 48 116 primary
TSSEG 2126 3 0 12 N 604610 666827 325 116 primary
TSSEG 2247 4 0 12 S 604610 666827 48 116 primary
TSSEG 2126 4 0 12 N 604610 666827 325 116 primary
TSSEG 2247 5 0 12 S 604610 666827 48 116 primary
TSSEG 2126 5 0 12 N 604610 666827 325 116 primary
TSSEG 2247 6 0 12 S 604610 666827 48 116 primary
TSSEG 2126 6 0 12 N 604610 666827 325 116 primary
TSSEG 2247 1 0 12 S 674130 757495 177 155 primary
TSSEG 2190 1 1 12 N 674130 757495 36 155 primary
TSSEG 2247 2 0 12 S 674130 757495 177 155 primary
TSSEG 2190 2 1 12 N 674130 757495 36 155 primary
TSSEG 2247 3 0 12 S 674130 757495 177 155 primary
TSSEG 2190 3 1 12 N 674130 757495 36 155 primary
TSSEG 2247 4 0 12 S 674130 757495 177 155 primary
TSSEG 2190 4 1 12 N 674130 757495 36 155 primary
TSSEG 2247 5 0 12 S 674130 757495 177 155 primary
TSSEG 2190 5 1 12 N 674130 757495 36 155 primary
TSSEG 2247 6 0 12 S 674130 757495 177 155 primary
TSSEG 2190 6 1 12 N 674130 757495 36 155 primary
TSSEG 1478 1 2 12 S 757495 867446 17 204 primary
TSSEG 2190 1 1 12 N 757495 867446 190 205 primary
TSSEG 1478 2 2 12 S 757495 867446 17 204 primary
TSSEG 2190 2 1 12 N 757495 867446 190 205 primary
TSSEG 1478 3 2 12 S 757495 867446 17 204 primary
TSSEG 2190 3 1 12 N 757495 867446 190 205 primary
TSSEG 1478 4 2 12 S 757495 867446 17 204 primary
TSSEG 2190 4 1 12 N 757495 867446 190 205 primary
TSSEG 1478 5 2 12 S 757495 867446 17 204 primary
TSSEG 2190 5 1 12 N 757495 867446 190 205 primary
TSSEG 1478 6 2 12 S 757495 867446 17 204 primary
TSSEG 2190 6 1 12 N 757495 867446 190 205 primary
TSSEG 2137 1 0 34 N 452663 594937 47 264 primary
TSSEG 2131 1 0 34 S 452663 512512 17 112 primary
TSSEG 2243 1 0 34 S 512512 594937 52 154 primary
TSSEG 2137 2 0 34 N 452663 594937 47 264 primary
TSSEG 2131 2 0 34 S 452663 512511 17 112 primary
TSSEG 2243 2 0 34 S 512511 594937 52 154 primary
TSSEG 2137 3 0 34 N 452663 594937 47 264 primary
TSSEG 2131 3 0 34 S 452663 512512 17 112 primary
TSSEG 2243 3 0 34 S 512512 594937 52 154 primary
TSSEG 2137 4 0 34 N 452663 594937 47 264 primary
TSSEG 2131 4 0 34 S 452663 512512 17 112 primary
TSSEG 2243 4 0 34 S 512512 594937 52 154 primary
TSSEG 2137 5 0 34 N 452663 594937 47 264 primary
TSSEG 2131 5 0 34 S 452663 512512 17 112 primary
TSSEG 2243 5 0 34 S 512512 594937 52 154 primary
TSSEG 2137 6 0 34 N 452663 594937 47 264 primary
TSSEG 2131 6 0 34 S 452663 512512 17 112 primary
TSSEG 2243 6 0 34 S 512512 594937 52 154 primary
TSSEG 1896 1 0 35 S 600197 629735 46 55 primary
TSSEG 2075 1 0 35 S 516273 537829 30 40 primary
TSSEG 1889 1 1 35 S 471938 516273 40 83 primary
TSSEG 1889 1 1 35 S 537829 542537 162 9 primary
TSSEG 2074 1 0 35 S 542537 600197 76 108 primary
TSSEG 1895 1 0 35 N 543486 629735 160 160 primary
TSSEG 2076 1 0 35 N 471938 543486 40 133 primary
TSSEG 1896 2 0 35 S 600196 629735 46 55 primary
TSSEG 1889 2 1 35 S 471938 522056 40 93 primary
TSSEG 1889 2 1 35 S 536612 542537 160 11 primary
TSSEG 2075 2 0 35 S 522056 536612 40 28 primary
TSSEG 2074 2 0 35 S 542537 600196 76 108 primary
TSSEG 1895 2 0 35 N 543485 629735 160 160 primary
TSSEG 2076 2 0 35 N 471938 543485 40 133 primary
TSSEG 1896 3 0 35 S 600196 629735 46 55 primary
TSSEG 1889 3 1 35 S 471938 522057 40 93 primary
TSSEG 1889 3 1 35 S 536613 542537 160 11 primary
TSSEG 2075 3 0 35 S 522057 536613 40 28 primary
TSSEG 2074 3 0 35 S 542537 600196 76 108 primary
TSSEG 1895 3 0 35 N 543485 629735 160 160 primary
TSSEG 2076 3 0 35 N 471938 543485 40 133 primary
TSSEG 1896 4 0 35 S 600196 629735 46 55 primary
TSSEG 2075 4 0 35 S 516270 537825 30 40 primary
TSSEG 1889 4 1 35 S 471938 516270 40 83 primary
TSSEG 1889 4 1 35 S 537825 542538 162 9 primary
TSSEG 2074 4 0 35 S 542538 600196 76 108 primary
TSSEG 1895 4 0 35 N 543485 629735 160 160 primary
TSSEG 2076 4 0 35 N 471938 543485 40 133 primary
TSSEG 1896 5 0 35 S 600196 629735 46 55 primary
TSSEG 2075 5 0 35 S 516270 537823 30 40 primary
TSSEG 1889 5 1 35 S 471938 516270 40 83 primary
TSSEG 1889 5 1 35 S 537823 542539 162 9 primary
TSSEG 2074 5 0 35 S 542539 600196 76 108 primary
TSSEG 1895 5 0 35 N 543485 629735 160 160 primary
TSSEG 2076 5 0 35 N 471938 543485 40 133 primary
TSSEG 1896 6 0 35 S 600195 629735 46 55 primary
TSSEG 2075 6 0 35 S 516269 537822 30 40 primary
TSSEG 1889 6 1 35 S 471938 516269 40 83 primary
TSSEG 1889 6 1 35 S 537822 542539 162 9 primary
TSSEG 2074 6 0 35 S 542539 600195 76 108 primary
TSSEG 1895 6 0 35 N 543485 629735 160 160 primary
TSSEG 2076 6 0 35 N 471938 543485 40 133 primary
TSSEG 1896 1 0 35 S 629735 676200 100 87 primary
TSSEG 2326 1 0 35 S 676200 775955 84 186 primary
TSSEG 2298 1 0 35 N 629735 646646 61 32 primary
TSSEG 2304 1 0 35 N 646646 742545 162 178 primary
TSSEG 2299 1 0 35 N 742545 775955 198 63 primary
TSSEG 1896 2 0 35 S 629735 676199 100 87 primary
TSSEG 2326 2 0 35 S 676199 775955 84 186 primary
TSSEG 2298 2 0 35 N 629735 646645 61 32 primary
TSSEG 2304 2 0 35 N 646645 742544 162 178 primary
TSSEG 2299 2 0 35 N 742544 775955 198 63 primary
TSSEG 1896 3 0 35 S 629735 676199 100 87 primary
TSSEG 2326 3 0 35 S 676199 775955 84 186 primary
TSSEG 2298 3 0 35 N 629735 646645 61 32 primary
TSSEG 2304 3 0 35 N 646645 742544 162 178 primary
TSSEG 2299 3 0 35 N 742544 775955 198 63 primary
TSSEG 1896 4 0 35 S 629735 676199 100 87 primary
TSSEG 2326 4 0 35 S 676199 775955 84 186 primary
TSSEG 2298 4 0 35 N 629735 646645 61 32 primary
TSSEG 2304 4 0 35 N 646645 742544 162 178 primary
TSSEG 2299 4 0 35 N 742544 775955 198 63 primary
TSSEG 1896 5 0 35 S 629735 676199 100 87 primary
TSSEG 2326 5 0 35 S 676199 775955 84 186 primary
TSSEG 2298 5 0 35 N 629735 646645 61 32 primary
TSSEG 2304 5 0 35 N 646645 742544 162 178 primary
TSSEG 2299 5 0 35 N 742544 775955 198 63 primary
TSSEG 1896 6 0 35 S 629735 676198 100 87 primary
TSSEG 2326 6 0 35 S 676198 775955 84 186 primary
TSSEG 2298 6 0 35 N 629735 646645 61 32 primary
TSSEG 2304 6 0 35 N 646645 742544 162 178 primary
TSSEG 2299 6 0 35 N 742544 775955 198 63 primary
TSSEG 2328 1 0 35 S 799349 890419 11 169 primary
TSSEG 2326 1 0 35 S 775955 799349 269 45 primary
TSSEG 2305 1 0 35 N 807187 890419 26 155 primary
TSSEG 2299 1 0 35 N 775955 807187 260 59 primary
TSSEG 2328 2 0 35 S 799348 890419 11 169 primary
TSSEG 2326 2 0 35 S 775955 799348 269 45 primary
TSSEG 2305 2 0 35 N 807186 890419 26 155 primary
TSSEG 2299 2 0 35 N 775955 807186 260 59 primary
TSSEG 2328 3 0 35 S 799347 890419 11 169 primary
TSSEG 2326 3 0 35 S 775955 799347 269 45 primary
TSSEG 2305 3 0 35 N 807186 890419 26 155 primary
TSSEG 2299 3 0 35 N 775955 807186 260 59 primary
TSSEG 2328 4 0 35 S 799347 890419 11 169 primary
TSSEG 2326 4 0 35 S 775955 799347 269 45 primary
TSSEG 2305 4 0 35 N 807186 890419 26 155 primary
TSSEG 2299 4 0 35 N 775955 807186 260 59 primary
TSSEG 2328 5 0 35 S 799347 890419 11 169 primary
TSSEG 2326 5 0 35 S 775955 799347 269 45 primary
TSSEG 2305 5 0 35 N 807186 890419 26 155 primary
TSSEG 2299 5 0 35 N 775955 807186 260 59 primary
TSSEG 2328 6 0 35 S 799346 890419 11 169 primary
TSSEG 2326 6 0 35 S 775955 799346 269 45 primary
TSSEG 2305 6 0 35 N 807185 890419 26 155 primary
TSSEG 2299 6 0 35 N 775955 807185 260 59 primary
TSSEG 1331 1 1 36 S 492185 603270 64 207 primary
TSSEG 1345 1 3 36 N 492185 603270 40 207 primary
TSSEG 1331 2 1 36 S 492185 603270 64 207 primary
TSSEG 1345 2 3 36 N 492185 603270 40 207 primary
TSSEG 1331 3 1 36 S 492185 603270 64 207 primary
TSSEG 1345 3 3 36 N 492185 603270 40 207 primary
TSSEG 1331 4 1 36 S 492185 603270 64 207 primary
TSSEG 1345 4 3 36 N 492185 603270 40 207 primary
TSSEG 1331 5 1 36 S 492185 603270 64 207 primary
TSSEG 1345 5 3 36 N 492185 603270 40 207 primary
TSSEG 1331 6 1 36 S 492185 603270 64 207 primary
TSSEG 1345 6 3 36 N 492185 603270 40 207 primary
TSSEG 1332 1 1 36 S 603270 630359 18 51 primary
TSSEG 1345 1 3 36 N 603270 630359 246 51 primary
TSSEG 1332 2 1 36 S 603270 630359 18 51 primary
TSSEG 1345 2 3 36 N 603270 630359 246 51 primary
TSSEG 1332 3 1 36 S 603270 630359 18 51 primary
TSSEG 1345 3 3 36 N 603270 630359 246 51 primary
TSSEG 1332 4 1 36 S 603270 630359 18 51 primary
TSSEG 1345 4 3 36 N 603270 630359 246 51 primary
TSSEG 1332 5 1 36 S 603270 630359 18 51 primary
TSSEG 1345 5 3 36 N 603270 630359 246 51 primary
TSSEG 1332 6 1 36 S 603270 630359 18 51 primary
TSSEG 1345 6 3 36 N 603270 630359 246 51 primary
TSSEG 1345 1 4 36 N 675413 750790 380 140 primary
TSSEG 2189 1 0 36 N 634942 675413 41 76 primary
TSSEG 2078 1 0 36 S 634942 696722 45 115 primary
TSSEG 2134 1 0 36 S 696722 750790 38 101 primary
TSSEG 1345 2 4 36 N 675413 750790 380 140 primary
TSSEG 2189 2 0 36 N 634942 675413 41 76 primary
TSSEG 2078 2 0 36 S 634942 696721 45 115 primary
TSSEG 2134 2 0 36 S 696721 750790 38 101 primary
TSSEG 1345 3 4 36 N 675414 750790 380 140 primary
TSSEG 2189 3 0 36 N 634942 675414 41 76 primary
TSSEG 2078 3 0 36 S 634942 696721 45 115 primary
TSSEG 2134 3 0 36 S 696721 750790 38 101 primary
TSSEG 1345 4 4 36 N 675416 750790 380 140 primary
TSSEG 2189 4 0 36 N 634942 675416 41 76 primary
TSSEG 2078 4 0 36 S 634942 696720 45 115 primary
TSSEG 2134 4 0 36 S 696720 750790 38 101 primary
TSSEG 1345 5 4 36 N 675417 750790 380 140 primary
TSSEG 2189 5 0 36 N 634942 675417 41 76 primary
TSSEG 2078 5 0 36 S 634942 696720 45 115 primary
TSSEG 2134 5 0 36 S 696720 750790 38 101 primary
TSSEG 1345 6 4 36 N 675418 750790 380 140 primary
TSSEG 2189 6 0 36 N 634942 675418 41 76 primary
TSSEG 2078 6 0 36 S 634942 696720 45 115 primary
TSSEG 2134 6 0 36 S 696720 750790 38 101 primary
TSSEG 2248 1 0 36 S 754305 845720 28 170 primary
TSSEG 1345 1 4 36 N 754305 845720 526 170 primary
TSSEG 2248 2 0 36 S 754305 845720 28 170 primary
TSSEG 1345 2 4 36 N 754305 845720 526 170 primary
TSSEG 2248 3 0 36 S 754305 845720 28 170 primary
TSSEG 1345 3 4 36 N 754305 845720 526 170 primary
TSSEG 2248 4 0 36 S 754305 845720 28 170 primary
TSSEG 1345 4 4 36 N 754305 845720 526 170 primary
TSSEG 2248 5 0 36 S 754305 845720 28 170 primary
TSSEG 1345 5 4 36 N 754305 845720 526 170 primary
TSSEG 2248 6 0 36 S 754305 845720 28 170 primary
TSSEG 1345 6 4 36 N 754305 845720 526 170 primary
TSSEG 2248 1 0 36 S 845720 887419 197 78 primary
TSSEG 2335 1 0 36 N 845720 887419 71 78 primary
TSSEG 2248 2 0 36 S 845720 887419 197 78 primary
TSSEG 2335 2 0 36 N 845720 887419 71 78 primary
TSSEG 2248 3 0 36 S 845720 887419 197 78 primary
TSSEG 2335 3 0 36 N 845720 887419 71 78 primary
TSSEG 2248 4 0 36 S 845720 887419 197 78 primary
TSSEG 2335 4 0 36 N 845720 887419 71 78 primary
TSSEG 2248 5 0 36 S 845720 887419 197 78 primary
TSSEG 2335 5 0 36 N 845720 887419 71 78 primary
TSSEG 2248 6 0 36 S 845720 887419 197 78 primary
TSSEG 2335 6 0 36 N 845720 887419 71 78 primary
TSSEG 1350 1 5 37 S 477561 581100 20 193 primary
TSSEG 1450 1 5 37 N 541216 581100 38 74 primary
TSSEG 1402 1 1 37 N 477561 541216 11 119 primary
TSSEG 1350 2 5 37 S 477561 581100 20 193 primary
TSSEG 1450 2 5 37 N 541216 581100 38 74 primary
TSSEG 1402 2 1 37 N 477561 541216 11 119 primary
TSSEG 1350 3 5 37 S 477561 581100 20 193 primary
TSSEG 1450 3 5 37 N 541217 581100 38 74 primary
TSSEG 1402 3 1 37 N 477561 541217 11 119 primary
TSSEG 1350 4 5 37 S 477561 581100 20 193 primary
TSSEG 1450 4 5 37 N 541217 581100 38 74 primary
TSSEG 1402 4 1 37 N 477561 541217 11 119 primary
TSSEG 1350 5 5 37 S 477561 581100 20 193 primary
TSSEG 1450 5 5 37 N 541218 581100 38 74 primary
TSSEG 1402 5 1 37 N 477561 541218 11 119 primary
TSSEG 1350 6 5 37 S 477561 581100 20 193 primary
TSSEG 1450 6 5 37 N 541218 581100 38 74 primary
TSSEG 1402 6 1 37 N 477561 541218 11 119 primary
TSSEG 1350 1 5 37 S 581100 717831 212 254 primary
TSSEG 1412 1 5 37 N 581100 717831 11 255 primary
TSSEG 1350 2 5 37 S 581100 717831 212 254 primary
TSSEG 1412 2 5 37 N 581100 717831 11 255 primary
TSSEG 1350 3 5 37 S 581100 717831 212 254 primary
TSSEG 1412 3 5 37 N 581100 717831 11 255 primary
TSSEG 1350 4 5 37 S 581100 717831 212 254 primary
TSSEG 1412 4 5 37 N 581100 717831 11 255 primary
TSSEG 1350 5 5 37 S 581100 717831 212 254 primary
TSSEG 1412 5 5 37 N 581100 717831 11 255 primary
TSSEG 1350 6 5 37 S 581100 717831 212 254 primary
TSSEG 1412 6 5 37 N 581100 717831 11 255 primary
TSSEG 2206 1 0 37 S 718022 784835 36 124 primary
TSSEG 1412 1 5 37 N 718022 784835 266 124 primary
TSSEG 2206 2 0 37 S 718022 784835 36 124 primary
TSSEG 1412 2 5 37 N 718022 784835 266 124 primary
TSSEG 2206 3 0 37 S 718022 784835 36 124 primary
TSSEG 1412 3 5 37 N 718022 784835 266 124 primary
TSSEG 2206 4 0 37 S 718022 784835 36 124 primary
TSSEG 1412 4 5 37 N 718022 784835 266 124 primary
TSSEG 2206 5 0 37 S 718022 784835 36 124 primary
TSSEG 1412 5 5 37 N 718022 784835 266 124 primary
TSSEG 2206 6 0 37 S 718022 784835 36 124 primary
TSSEG 1412 6 5 37 N 718022 784835 266 124 primary
TSSEG 2207 1 0 37 S 788748 839942 22 96 primary
TSSEG 1453 1 1 37 N 788748 839942 28 95 primary
TSSEG 2207 2 0 37 S 788748 839942 22 96 primary
TSSEG 1453 2 1 37 N 788748 839942 28 95 primary
TSSEG 2207 3 0 37 S 788748 839942 22 96 primary
TSSEG 1453 3 1 37 N 788748 839942 28 95 primary
TSSEG 2207 4 0 37 S 788748 839942 22 96 primary
TSSEG 1453 4 1 37 N 788748 839942 28 95 primary
TSSEG 2207 5 0 37 S 788748 839942 22 96 primary
TSSEG 1453 5 1 37 N 788748 839942 28 95 primary
TSSEG 2207 6 0 37 S 788748 839942 22 96 primary
TSSEG 1453 6 1 37 N 788748 839942 28 95 primary
TSSEG 1339 1 0 42 S 750191 795786 11 85 primary
TSSEG 1336 1 0 42 N 750191 795786 11 85 primary
TSSEG 1339 2 0 42 S 750191 795786 11 85 primary
TSSEG 1336 2 0 42 N 750191 795786 11 85 primary
TSSEG 1339 3 0 42 S 750191 795786 11 85 primary
TSSEG 1336 3 0 42 N 750191 795786 11 85 primary
TSSEG 1339 4 0 42 S 750191 795786 11 85 primary
TSSEG 1336 4 0 42 N 750191 795786 11 85 primary
TSSEG 1339 5 0 42 S 750191 795786 11 85 primary
TSSEG 1336 5 0 42 N 750191 795786 11 85 primary
TSSEG 1339 6 0 42 S 750191 795786 11 85 primary
TSSEG 1336 6 0 42 N 750191 795786 11 85 primary
TSSEG 1359 1 0 43 S 748278 794939 19 87 primary
TSSEG 1356 1 0 43 N 748278 794939 20 87 primary
TSSEG 1359 2 0 43 S 748278 794939 19 87 primary
TSSEG 1356 2 0 43 N 748278 794939 20 87 primary
TSSEG 1359 3 0 43 S 748278 794939 19 87 primary
TSSEG 1356 3 0 43 N 748278 794939 20 87 primary
TSSEG 1359 4 0 43 S 748278 794939 19 87 primary
TSSEG 1356 4 0 43 N 748278 794939 20 87 primary
TSSEG 1359 5 0 43 S 748278 794939 19 87 primary
TSSEG 1356 5 0 43 N 748278 794939 20 87 primary
TSSEG 1359 6 0 43 S 748278 794939 19 87 primary
TSSEG 1356 6 0 43 N 748278 794939 20 87 primary
TSSEG 1035 1 2 76 S 1320980 1414739 11 174 primary
TSSEG 1043 1 1 76 N 1320980 1414739 47 175 primary
TSSEG 1035 2 2 76 S 1320980 1414739 11 174 primary
TSSEG 1043 2 1 76 N 1320980 1414739 47 175 primary
TSSEG 1035 3 2 76 S 1320980 1414739 11 174 primary
TSSEG 1043 3 1 76 N 1320980 1414739 47 175 primary
TSSEG 1035 4 2 76 S 1320980 1414739 11 174 primary
TSSEG 1043 4 1 76 N 1320980 1414739 47 175 primary
TSSEG 1035 5 2 76 S 1320980 1414739 11 174 primary
TSSEG 1043 5 1 76 N 1320980 1414739 47 175 primary
TSSEG 1035 6 2 76 S 1320980 1414739 11 174 primary
TSSEG 1043 6 1 76 N 1320980 1414739 47 175 primary
TSSEG 1056 1 1 82 S 1176576 1262827 18 160 primary
TSSEG 125 1 4 82 S 1262827 1499432 13 440 primary
TSSEG 1033 1 1 82 N 1176576 1212268 65 67 primary
TSSEG 94 1 4 82 N 1212268 1499432 13 533 primary
TSSEG 1056 2 1 82 S 1176576 1262827 18 160 primary
TSSEG 125 2 4 82 S 1262827 1499432 13 440 primary
TSSEG 1033 2 1 82 N 1176576 1212267 65 67 primary
TSSEG 94 2 4 82 N 1212267 1499432 13 533 primary
TSSEG 1056 3 1 82 S 1176576 1262829 18 160 primary
TSSEG 125 3 4 82 S 1262829 1499432 13 440 primary
TSSEG 1033 3 1 82 N 1176576 1212266 65 67 primary
TSSEG 94 3 4 82 N 1212266 1499432 13 533 primary
TSSEG 1056 4 1 82 S 1176576 1262830 18 160 primary
TSSEG 125 4 4 82 S 1262830 1499432 13 440 primary
TSSEG 1033 4 1 82 N 1176576 1212265 65 67 primary
TSSEG 94 4 4 82 N 1212265 1499432 13 533 primary
TSSEG 1056 5 1 82 S 1176576 1262831 18 160 primary
TSSEG 125 5 4 82 S 1262831 1499432 13 440 primary
TSSEG 1033 5 1 82 N 1176576 1212265 65 67 primary
TSSEG 94 5 4 82 N 1212265 1499432 13 533 primary
TSSEG 1056 6 1 82 S 1176576 1262832 18 160 primary
TSSEG 125 6 4 82 S 1262832 1499432 13 440 primary
TSSEG 1033 6 1 82 N 1176576 1212264 65 67 primary
TSSEG 94 6 4 82 N 1212264 1499432 13 533 primary
TSSEG 1737 1 0 86 S 1113340 1184468 11 132 primary
TSSEG 1659 1 1 86 N 1113340 1184468 25 133 primary
TSSEG 1737 2 0 86 S 1113340 1184468 11 132 primary
TSSEG 1659 2 1 86 N 1113340 1184468 25 133 primary
TSSEG 1737 3 0 86 S 1113340 1184468 11 132 primary
TSSEG 1659 3 1 86 N 1113340 1184468 25 133 primary
TSSEG 1737 4 0 86 S 1113340 1184468 11 132 primary
TSSEG 1659 4 1 86 N 1113340 1184468 25 133 primary
TSSEG 1737 5 0 86 S 1113340 1184468 11 132 primary
TSSEG 1659 5 1 86 N 1113340 1184468 25 133 primary
TSSEG 1737 6 0 86 S 1113340 1184468 11 132 primary
TSSEG 1659 6 1 86 N 1113340 1184468 25 133 primary
TSSEG 1729 1 0 86 S 1257369 1374127 11 217 primary
TSSEG 1740 1 0 86 N 1290050 1374127 11 156 primary
TSSEG 1891 1 0 86 N 1259586 1290050 32 57 primary
TSSEG 1659 1 1 86 N 1257369 1259586 292 5 primary
TSSEG 1729 2 0 86 S 1257369 1374127 11 217 primary
TSSEG 1740 2 0 86 N 1290049 1374127 11 156 primary
TSSEG 1891 2 0 86 N 1259586 1290049 32 57 primary
TSSEG 1659 2 1 86 N 1257369 1259586 292 5 primary
TSSEG 1729 3 0 86 S 1257369 1374127 11 217 primary
TSSEG 1740 3 0 86 N 1290050 1374127 11 156 primary
TSSEG 1891 3 0 86 N 1259585 1290050 32 57 primary
TSSEG 1659 3 1 86 N 1257369 1259585 292 5 primary
TSSEG 1729 4 0 86 S 1257369 1374127 11 217 primary
TSSEG 1740 4 0 86 N 1290050 1374127 11 156 primary
TSSEG 1891 4 0 86 N 1259585 1290050 32 57 primary
TSSEG 1659 4 1 86 N 1257369 1259585 292 5 primary
TSSEG 1729 5 0 86 S 1257369 1374127 11 217 primary
TSSEG 1740 5 0 86 N 1290051 1374127 11 156 primary
TSSEG 1891 5 0 86 N 1259585 1290051 32 57 primary
TSSEG 1659 5 1 86 N 1257369 1259585 292 5 primary
TSSEG 1729 6 0 86 S 1257369 1374127 11 217 primary
TSSEG 1740 6 0 86 N 1290051 1374127 11 156 primary
TSSEG 1891 6 0 86 N 1259585 1290051 32 57 primary
TSSEG 1659 6 1 86 N 1257369 1259585 292 5 primary
TSSEG 1729 1 0 86 S 1375980 1401848 231 49 primary
TSSEG 1741 1 0 86 N 1375980 1401848 11 48 primary
TSSEG 1729 2 0 86 S 1375980 1401848 231 49 primary
TSSEG 1741 2 0 86 N 1375980 1401848 11 48 primary
TSSEG 1729 3 0 86 S 1375980 1401848 231 49 primary
TSSEG 1741 3 0 86 N 1375980 1401848 11 48 primary
TSSEG 1729 4 0 86 S 1375980 1401848 231 49 primary
TSSEG 1741 4 0 86 N 1375980 1401848 11 48 primary
TSSEG 1729 5 0 86 S 1375980 1401848 231 49 primary
TSSEG 1741 5 0 86 N 1375980 1401848 11 48 primary
TSSEG 1729 6 0 86 S 1375980 1401848 231 49 primary
TSSEG 1741 6 0 86 N 1375980 1401848 11 48 primary
TSSEG 1729 1 0 86 S 1402340 1422868 279 40 primary
TSSEG 1869 1 0 86 N 1408944 1422868 44 26 primary
TSSEG 1893 1 0 86 N 1402340 1408944 11 13 primary
TSSEG 1729 2 0 86 S 1402340 1422868 279 40 primary
TSSEG 1869 2 0 86 N 1408944 1422868 44 26 primary
TSSEG 1893 2 0 86 N 1402340 1408944 11 13 primary
TSSEG 1729 3 0 86 S 1402340 1422868 279 40 primary
TSSEG 1869 3 0 86 N 1408944 1422868 44 26 primary
TSSEG 1893 3 0 86 N 1402340 1408944 11 13 primary
TSSEG 1729 4 0 86 S 1402340 1422868 279 40 primary
TSSEG 1869 4 0 86 N 1408944 1422868 44 26 primary
TSSEG 1893 4 0 86 N 1402340 1408944 11 13 primary
TSSEG 1729 5 0 86 S 1402340 1422868 279 40 primary
TSSEG 1869 5 0 86 N 1408944 1422868 44 26 primary
TSSEG 1893 5 0 86 N 1402340 1408944 11 13 primary
TSSEG 1729 6 0 86 S 1402340 1422868 279 40 primary
TSSEG 1869 6 0 86 N 1408944 1422868 44 26 primary
TSSEG 1893 6 0 86 N 1402340 1408944 11 13 primary
TSSEG 1729 1 0 86 S 1422868 1521993 318 184 primary
TSSEG 1045 1 1 86 N 1422868 1521993 11 184 primary
TSSEG 1729 2 0 86 S 1422868 1521993 318 184 primary
TSSEG 1045 2 1 86 N 1422868 1521993 11 184 primary
TSSEG 1729 3 0 86 S 1422868 1521993 318 184 primary
TSSEG 1045 3 1 86 N 1422868 1521993 11 184 primary
TSSEG 1729 4 0 86 S 1422868 1521993 318 184 primary
TSSEG 1045 4 1 86 N 1422868 1521993 11 184 primary
TSSEG 1729 5 0 86 S 1422868 1521993 318 184 primary
TSSEG 1045 5 1 86 N 1422868 1521993 11 184 primary
TSSEG 1729 6 0 86 S 1422868 1521993 318 184 primary
TSSEG 1045 6 1 86 N 1422868 1521993 11 184 primary
