typedef struct {
int run;
int camCol;
int rerun;
int stripeNumber;
char strip[2];
int startMu;          # integer arcseconds
int endMu;            # integer arcseconds
int field0;
int nFields;
char status[20];
int startMuStripe;
int skyVersion;
} TSSEGLONG;

TSSEGLONG 1231 1 1 9 S 614999 724412 11 203 primary 614999 0
TSSEGLONG 1140 1 1 9 N 614999 724412 120 204 primary 614999 0
TSSEGLONG 1231 2 1 9 S 614999 724412 11 203 primary 614999 0
TSSEGLONG 1140 2 1 9 N 614999 724412 120 204 primary 614999 0
TSSEGLONG 1231 3 1 9 S 614999 724412 11 203 primary 614999 0
TSSEGLONG 1140 3 1 9 N 614999 724412 120 204 primary 614999 0
TSSEGLONG 1231 4 1 9 S 614999 724412 11 203 primary 614999 0
TSSEGLONG 1140 4 1 9 N 614999 724412 120 204 primary 614999 0
TSSEGLONG 1231 5 1 9 S 614999 724412 11 203 primary 614999 0
TSSEGLONG 1140 5 1 9 N 614999 724412 120 204 primary 614999 0
TSSEGLONG 1231 6 1 9 S 614999 724412 11 203 primary 614999 0
TSSEGLONG 1140 6 1 9 N 614999 724412 120 204 primary 614999 0
TSSEGLONG 2379 1 0 9 S 770540 858918 33 164 primary 724412 0
TSSEGLONG 2333 1 0 9 S 724412 770540 29 87 primary 724412 0
TSSEGLONG 2334 1 0 9 N 724412 858918 36 250 primary 724412 0
TSSEGLONG 2379 2 0 9 S 770540 858918 33 164 primary 724412 0
TSSEGLONG 2333 2 0 9 S 724412 770540 29 87 primary 724412 0
TSSEGLONG 2334 2 0 9 N 724412 858918 36 250 primary 724412 0
TSSEGLONG 2379 3 0 9 S 770539 858918 33 164 primary 724412 0
TSSEGLONG 2333 3 0 9 S 724412 770539 29 87 primary 724412 0
TSSEGLONG 2334 3 0 9 N 724412 858918 36 250 primary 724412 0
TSSEGLONG 2379 4 0 9 S 770539 858918 33 164 primary 724412 0
TSSEGLONG 2333 4 0 9 S 724412 770539 29 87 primary 724412 0
TSSEGLONG 2334 4 0 9 N 724412 858918 36 250 primary 724412 0
TSSEGLONG 2379 5 0 9 S 770540 858918 33 164 primary 724412 0
TSSEGLONG 2333 5 0 9 S 724412 770540 29 87 primary 724412 0
TSSEGLONG 2334 5 0 9 N 724412 858918 36 250 primary 724412 0
TSSEGLONG 2379 6 0 9 S 770539 858918 33 164 primary 724412 0
TSSEGLONG 2333 6 0 9 S 724412 770539 29 87 primary 724412 0
TSSEGLONG 2334 6 0 9 N 724412 858918 36 250 primary 724412 0
TSSEGLONG 1239 1 6 10 S 439001 522543 11 156 primary 439001 0
TSSEGLONG 756 1 6 10 N 439001 522543 41 156 primary 439001 0
TSSEGLONG 1239 2 6 10 S 439001 522543 11 156 primary 439001 0
TSSEGLONG 756 2 6 10 N 439001 522543 41 156 primary 439001 0
TSSEGLONG 1239 3 6 10 S 439001 522543 11 156 primary 439001 0
TSSEGLONG 756 3 6 10 N 439001 522543 41 156 primary 439001 0
TSSEGLONG 1239 4 6 10 S 439001 522543 11 156 primary 439001 0
TSSEGLONG 756 4 6 10 N 439001 522543 41 156 primary 439001 0
TSSEGLONG 1239 5 6 10 S 439001 522543 11 156 primary 439001 0
TSSEGLONG 756 5 6 10 N 439001 522543 41 156 primary 439001 0
TSSEGLONG 1239 6 6 10 S 439001 522543 11 156 primary 439001 0
TSSEGLONG 756 6 6 10 N 439001 522543 41 156 primary 439001 0
TSSEGLONG 752 1 1 10 S 522543 851094 11 610 primary 522543 0
TSSEGLONG 756 1 1 10 N 522543 851094 196 610 primary 522543 0
TSSEGLONG 752 2 1 10 S 522543 851094 11 610 primary 522543 0
TSSEGLONG 756 2 1 10 N 522543 851094 196 610 primary 522543 0
TSSEGLONG 752 3 1 10 S 522543 851094 11 610 primary 522543 0
TSSEGLONG 756 3 1 10 N 522543 851094 196 610 primary 522543 0
TSSEGLONG 752 4 1 10 S 522543 851094 11 610 primary 522543 0
TSSEGLONG 756 4 1 10 N 522543 851094 196 610 primary 522543 0
TSSEGLONG 752 5 1 10 S 522543 851094 11 610 primary 522543 0
TSSEGLONG 756 5 1 10 N 522543 851094 196 610 primary 522543 0
TSSEGLONG 752 6 1 10 S 522543 851094 11 610 primary 522543 0
TSSEGLONG 756 6 1 10 N 522543 851094 196 610 primary 522543 0
TSSEGLONG 752 1 1 10 S 851094 899949 620 92 primary 851094 0
TSSEGLONG 745 1 1 10 N 851094 899949 519 91 primary 851094 0
TSSEGLONG 752 2 1 10 S 851094 899949 620 92 primary 851094 0
TSSEGLONG 745 2 1 10 N 851094 899949 519 91 primary 851094 0
TSSEGLONG 752 3 1 10 S 851094 899949 620 92 primary 851094 0
TSSEGLONG 745 3 1 10 N 851094 899949 519 91 primary 851094 0
TSSEGLONG 752 4 1 10 S 851094 899949 620 92 primary 851094 0
TSSEGLONG 745 4 1 10 N 851094 899949 519 91 primary 851094 0
TSSEGLONG 752 5 1 10 S 851094 899949 620 92 primary 851094 0
TSSEGLONG 745 5 1 10 N 851094 899949 519 91 primary 851094 0
TSSEGLONG 752 6 1 10 S 851094 899949 620 92 primary 851094 0
TSSEGLONG 745 6 1 10 N 851094 899949 519 91 primary 851094 0
TSSEGLONG 1462 1 1 11 S 464131 546385 24 153 primary 464131 0
TSSEGLONG 1907 1 0 11 N 464131 546385 42 153 primary 464131 0
TSSEGLONG 1462 2 1 11 S 464131 546385 24 153 primary 464131 0
TSSEGLONG 1907 2 0 11 N 464131 546385 42 153 primary 464131 0
TSSEGLONG 1462 3 1 11 S 464131 546385 24 153 primary 464131 0
TSSEGLONG 1907 3 0 11 N 464131 546385 42 153 primary 464131 0
TSSEGLONG 1462 4 1 11 S 464131 546385 24 153 primary 464131 0
TSSEGLONG 1907 4 0 11 N 464131 546385 42 153 primary 464131 0
TSSEGLONG 1462 5 1 11 S 464131 546385 24 153 primary 464131 0
TSSEGLONG 1907 5 0 11 N 464131 546385 42 153 primary 464131 0
TSSEGLONG 1462 6 1 11 S 464131 546385 24 153 primary 464131 0
TSSEGLONG 1907 6 0 11 N 464131 546385 42 153 primary 464131 0
TSSEGLONG 1462 1 1 11 S 546385 822557 176 513 primary 546385 0
TSSEGLONG 1992 1 0 11 N 546385 642334 12 179 primary 546385 0
TSSEGLONG 1458 1 2 11 N 642334 822557 358 335 primary 546385 0
TSSEGLONG 1462 2 1 11 S 546385 822557 176 513 primary 546385 0
TSSEGLONG 1992 2 0 11 N 546385 642333 12 179 primary 546385 0
TSSEGLONG 1458 2 2 11 N 642333 822557 358 335 primary 546385 0
TSSEGLONG 1462 3 1 11 S 546385 822557 176 513 primary 546385 0
TSSEGLONG 1992 3 0 11 N 546385 642333 12 179 primary 546385 0
TSSEGLONG 1458 3 2 11 N 642333 822557 358 335 primary 546385 0
TSSEGLONG 1462 4 1 11 S 546385 822557 176 513 primary 546385 0
TSSEGLONG 1992 4 0 11 N 546385 642333 12 179 primary 546385 0
TSSEGLONG 1458 4 2 11 N 642333 822557 358 335 primary 546385 0
TSSEGLONG 1462 5 1 11 S 546385 822557 176 513 primary 546385 0
TSSEGLONG 1992 5 0 11 N 546385 642333 12 179 primary 546385 0
TSSEGLONG 1458 5 2 11 N 642333 822557 358 335 primary 546385 0
TSSEGLONG 1462 6 1 11 S 546385 822557 176 513 primary 546385 0
TSSEGLONG 1992 6 0 11 N 546385 642332 12 179 primary 546385 0
TSSEGLONG 1458 6 2 11 N 642332 822557 358 335 primary 546385 0
TSSEGLONG 2125 1 0 12 S 435071 604610 13 315 primary 435071 0
TSSEGLONG 2126 1 0 12 N 435071 604610 11 315 primary 435071 0
TSSEGLONG 2125 2 0 12 S 435071 604610 13 315 primary 435071 0
TSSEGLONG 2126 2 0 12 N 435071 604610 11 315 primary 435071 0
TSSEGLONG 2125 3 0 12 S 435071 604610 13 315 primary 435071 0
TSSEGLONG 2126 3 0 12 N 435071 604610 11 315 primary 435071 0
TSSEGLONG 2125 4 0 12 S 435071 604610 13 315 primary 435071 0
TSSEGLONG 2126 4 0 12 N 435071 604610 11 315 primary 435071 0
TSSEGLONG 2125 5 0 12 S 435071 604610 13 315 primary 435071 0
TSSEGLONG 2126 5 0 12 N 435071 604610 11 315 primary 435071 0
TSSEGLONG 2125 6 0 12 S 435071 604610 13 315 primary 435071 0
TSSEGLONG 2126 6 0 12 N 435071 604610 11 315 primary 435071 0
TSSEGLONG 2247 1 0 12 S 604610 666827 48 116 primary 604610 0
TSSEGLONG 2126 1 0 12 N 604610 666827 325 116 primary 604610 0
TSSEGLONG 2247 2 0 12 S 604610 666827 48 116 primary 604610 0
TSSEGLONG 2126 2 0 12 N 604610 666827 325 116 primary 604610 0
TSSEGLONG 2247 3 0 12 S 604610 666827 48 116 primary 604610 0
TSSEGLONG 2126 3 0 12 N 604610 666827 325 116 primary 604610 0
TSSEGLONG 2247 4 0 12 S 604610 666827 48 116 primary 604610 0
TSSEGLONG 2126 4 0 12 N 604610 666827 325 116 primary 604610 0
TSSEGLONG 2247 5 0 12 S 604610 666827 48 116 primary 604610 0
TSSEGLONG 2126 5 0 12 N 604610 666827 325 116 primary 604610 0
TSSEGLONG 2247 6 0 12 S 604610 666827 48 116 primary 604610 0
TSSEGLONG 2126 6 0 12 N 604610 666827 325 116 primary 604610 0
TSSEGLONG 2247 1 0 12 S 674130 757495 177 155 primary 674130 0
TSSEGLONG 2190 1 1 12 N 674130 757495 36 155 primary 674130 0
TSSEGLONG 2247 2 0 12 S 674130 757495 177 155 primary 674130 0
TSSEGLONG 2190 2 1 12 N 674130 757495 36 155 primary 674130 0
TSSEGLONG 2247 3 0 12 S 674130 757495 177 155 primary 674130 0
TSSEGLONG 2190 3 1 12 N 674130 757495 36 155 primary 674130 0
TSSEGLONG 2247 4 0 12 S 674130 757495 177 155 primary 674130 0
TSSEGLONG 2190 4 1 12 N 674130 757495 36 155 primary 674130 0
TSSEGLONG 2247 5 0 12 S 674130 757495 177 155 primary 674130 0
TSSEGLONG 2190 5 1 12 N 674130 757495 36 155 primary 674130 0
TSSEGLONG 2247 6 0 12 S 674130 757495 177 155 primary 674130 0
TSSEGLONG 2190 6 1 12 N 674130 757495 36 155 primary 674130 0
TSSEGLONG 1478 1 2 12 S 757495 867446 17 204 primary 757495 0
TSSEGLONG 2190 1 1 12 N 757495 867446 190 205 primary 757495 0
TSSEGLONG 1478 2 2 12 S 757495 867446 17 204 primary 757495 0
TSSEGLONG 2190 2 1 12 N 757495 867446 190 205 primary 757495 0
TSSEGLONG 1478 3 2 12 S 757495 867446 17 204 primary 757495 0
TSSEGLONG 2190 3 1 12 N 757495 867446 190 205 primary 757495 0
TSSEGLONG 1478 4 2 12 S 757495 867446 17 204 primary 757495 0
TSSEGLONG 2190 4 1 12 N 757495 867446 190 205 primary 757495 0
TSSEGLONG 1478 5 2 12 S 757495 867446 17 204 primary 757495 0
TSSEGLONG 2190 5 1 12 N 757495 867446 190 205 primary 757495 0
TSSEGLONG 1478 6 2 12 S 757495 867446 17 204 primary 757495 0
TSSEGLONG 2190 6 1 12 N 757495 867446 190 205 primary 757495 0
TSSEGLONG 2986 1 0 13 S 442108 607446 27 307 primary 442108 0
TSSEGLONG 3015 1 0 13 N 442108 607446 57 307 primary 442108 0
TSSEGLONG 2986 2 0 13 S 442108 607446 27 307 primary 442108 0
TSSEGLONG 3015 2 0 13 N 442108 607446 57 307 primary 442108 0
TSSEGLONG 2986 3 0 13 S 442108 607446 27 307 primary 442108 0
TSSEGLONG 3015 3 0 13 N 442108 607446 57 307 primary 442108 0
TSSEGLONG 2986 4 0 13 S 442108 607446 27 307 primary 442108 0
TSSEGLONG 3015 4 0 13 N 442108 607446 57 307 primary 442108 0
TSSEGLONG 2986 5 0 13 S 442108 607446 27 307 primary 442108 0
TSSEGLONG 3015 5 0 13 N 442108 607446 57 307 primary 442108 0
TSSEGLONG 2986 6 0 13 S 442108 607446 27 307 primary 442108 0
TSSEGLONG 3015 6 0 13 N 442108 607446 57 307 primary 442108 0
TSSEGLONG 2961 1 0 30 S 457625 527685 11 130 primary 439113 0
TSSEGLONG 2887 1 0 30 S 439113 457625 11 35 primary 439113 0
TSSEGLONG 2887 1 0 30 S 527685 595411 175 126 primary 439113 0
TSSEGLONG 2964 1 0 30 N 498269 595411 11 181 primary 439113 0
TSSEGLONG 2888 1 0 30 N 439113 498269 13 110 primary 439113 0
TSSEGLONG 2961 2 0 30 S 457624 527684 11 130 primary 439113 0
TSSEGLONG 2887 2 0 30 S 439113 457624 11 35 primary 439113 0
TSSEGLONG 2887 2 0 30 S 527684 595411 175 126 primary 439113 0
TSSEGLONG 2964 2 0 30 N 498268 595411 11 181 primary 439113 0
TSSEGLONG 2888 2 0 30 N 439113 498268 13 110 primary 439113 0
TSSEGLONG 2961 3 0 30 S 457624 527683 11 130 primary 439113 0
TSSEGLONG 2887 3 0 30 S 439113 457624 11 35 primary 439113 0
TSSEGLONG 2887 3 0 30 S 527683 595411 175 126 primary 439113 0
TSSEGLONG 2964 3 0 30 N 498266 595411 11 181 primary 439113 0
TSSEGLONG 2888 3 0 30 N 439113 498266 13 110 primary 439113 0
TSSEGLONG 2961 4 0 30 S 457624 527683 11 130 primary 439113 0
TSSEGLONG 2887 4 0 30 S 439113 457624 11 35 primary 439113 0
TSSEGLONG 2887 4 0 30 S 527683 595411 175 126 primary 439113 0
TSSEGLONG 2964 4 0 30 N 498265 595411 11 181 primary 439113 0
TSSEGLONG 2888 4 0 30 N 439113 498265 13 110 primary 439113 0
TSSEGLONG 2961 5 0 30 S 457623 527683 11 130 primary 439113 0
TSSEGLONG 2887 5 0 30 S 439113 457623 11 35 primary 439113 0
TSSEGLONG 2887 5 0 30 S 527683 595411 175 126 primary 439113 0
TSSEGLONG 2964 5 0 30 N 498264 595411 11 181 primary 439113 0
TSSEGLONG 2888 5 0 30 N 439113 498264 13 110 primary 439113 0
TSSEGLONG 2961 6 0 30 S 457623 527683 11 130 primary 439113 0
TSSEGLONG 2887 6 0 30 S 439113 457623 11 35 primary 439113 0
TSSEGLONG 2887 6 0 30 S 527683 595411 175 126 primary 439113 0
TSSEGLONG 2964 6 0 30 N 498263 595411 11 181 primary 439113 0
TSSEGLONG 2888 6 0 30 N 439113 498263 13 110 primary 439113 0
TSSEGLONG 3059 1 0 30 S 595411 673889 22 146 primary 595411 0
TSSEGLONG 2964 1 0 30 N 595411 673889 191 146 primary 595411 0
TSSEGLONG 3059 2 0 30 S 595411 673889 22 146 primary 595411 0
TSSEGLONG 2964 2 0 30 N 595411 673889 191 146 primary 595411 0
TSSEGLONG 3059 3 0 30 S 595411 673889 22 146 primary 595411 0
TSSEGLONG 2964 3 0 30 N 595411 673889 191 146 primary 595411 0
TSSEGLONG 3059 4 0 30 S 595411 673889 22 146 primary 595411 0
TSSEGLONG 2964 4 0 30 N 595411 673889 191 146 primary 595411 0
TSSEGLONG 3059 5 0 30 S 595411 673889 22 146 primary 595411 0
TSSEGLONG 2964 5 0 30 N 595411 673889 191 146 primary 595411 0
TSSEGLONG 3059 6 0 30 S 595411 673889 22 146 primary 595411 0
TSSEGLONG 2964 6 0 30 N 595411 673889 191 146 primary 595411 0
TSSEGLONG 2830 1 0 31 S 448479 573984 17 233 primary 448479 0
TSSEGLONG 2864 1 0 31 N 448479 573984 25 233 primary 448479 0
TSSEGLONG 2830 2 0 31 S 448479 573984 17 233 primary 448479 0
TSSEGLONG 2864 2 0 31 N 448479 573984 25 233 primary 448479 0
TSSEGLONG 2830 3 0 31 S 448479 573984 17 233 primary 448479 0
TSSEGLONG 2864 3 0 31 N 448479 573984 25 233 primary 448479 0
TSSEGLONG 2830 4 0 31 S 448479 573984 17 233 primary 448479 0
TSSEGLONG 2864 4 0 31 N 448479 573984 25 233 primary 448479 0
TSSEGLONG 2830 5 0 31 S 448479 573984 17 233 primary 448479 0
TSSEGLONG 2864 5 0 31 N 448479 573984 25 233 primary 448479 0
TSSEGLONG 2830 6 0 31 S 448479 573984 17 233 primary 448479 0
TSSEGLONG 2864 6 0 31 N 448479 573984 25 233 primary 448479 0
TSSEGLONG 2830 1 0 31 S 573984 695349 249 227 primary 573984 0
TSSEGLONG 2883 1 0 31 N 573984 695349 30 226 primary 573984 0
TSSEGLONG 2830 2 0 31 S 573984 695349 249 227 primary 573984 0
TSSEGLONG 2883 2 0 31 N 573984 695349 30 226 primary 573984 0
TSSEGLONG 2830 3 0 31 S 573984 695349 249 227 primary 573984 0
TSSEGLONG 2883 3 0 31 N 573984 695349 30 226 primary 573984 0
TSSEGLONG 2830 4 0 31 S 573984 695349 249 227 primary 573984 0
TSSEGLONG 2883 4 0 31 N 573984 695349 30 226 primary 573984 0
TSSEGLONG 2830 5 0 31 S 573984 695349 249 227 primary 573984 0
TSSEGLONG 2883 5 0 31 N 573984 695349 30 226 primary 573984 0
TSSEGLONG 2830 6 0 31 S 573984 695349 249 227 primary 573984 0
TSSEGLONG 2883 6 0 31 N 573984 695349 30 226 primary 573984 0
TSSEGLONG 2740 1 0 32 S 462086 575806 60 212 primary 462086 0
TSSEGLONG 2777 1 0 32 N 462086 575806 44 211 primary 462086 0
TSSEGLONG 2740 2 0 32 S 462086 575806 60 212 primary 462086 0
TSSEGLONG 2777 2 0 32 N 462086 575806 44 211 primary 462086 0
TSSEGLONG 2740 3 0 32 S 462086 575806 60 212 primary 462086 0
TSSEGLONG 2777 3 0 32 N 462086 575806 44 211 primary 462086 0
TSSEGLONG 2740 4 0 32 S 462086 575806 60 212 primary 462086 0
TSSEGLONG 2777 4 0 32 N 462086 575806 44 211 primary 462086 0
TSSEGLONG 2740 5 0 32 S 462086 575806 60 212 primary 462086 0
TSSEGLONG 2777 5 0 32 N 462086 575806 44 211 primary 462086 0
TSSEGLONG 2740 6 0 32 S 462086 575806 60 212 primary 462086 0
TSSEGLONG 2777 6 0 32 N 462086 575806 44 211 primary 462086 0
TSSEGLONG 3103 1 0 32 S 587494 676160 11 165 primary 575806 0
TSSEGLONG 2740 1 0 32 S 575806 587494 271 22 primary 575806 0
TSSEGLONG 2821 1 0 32 N 575806 676160 35 187 primary 575806 0
TSSEGLONG 3103 2 0 32 S 587494 676160 11 165 primary 575806 0
TSSEGLONG 2740 2 0 32 S 575806 587494 271 22 primary 575806 0
TSSEGLONG 2821 2 0 32 N 575806 676160 35 187 primary 575806 0
TSSEGLONG 3103 3 0 32 S 587494 676160 11 165 primary 575806 0
TSSEGLONG 2740 3 0 32 S 575806 587494 271 22 primary 575806 0
TSSEGLONG 2821 3 0 32 N 575806 676160 35 187 primary 575806 0
TSSEGLONG 3103 4 0 32 S 587494 676160 11 165 primary 575806 0
TSSEGLONG 2740 4 0 32 S 575806 587494 271 22 primary 575806 0
TSSEGLONG 2821 4 0 32 N 575806 676160 35 187 primary 575806 0
TSSEGLONG 3103 5 0 32 S 587495 676160 11 165 primary 575806 0
TSSEGLONG 2740 5 0 32 S 575806 587495 271 22 primary 575806 0
TSSEGLONG 2821 5 0 32 N 575806 676160 35 187 primary 575806 0
TSSEGLONG 3103 6 0 32 S 587495 676160 11 165 primary 575806 0
TSSEGLONG 2740 6 0 32 S 575806 587495 271 22 primary 575806 0
TSSEGLONG 2821 6 0 32 N 575806 676160 35 187 primary 575806 0
TSSEGLONG 3103 1 0 32 S 676160 698330 175 42 primary 676160 0
TSSEGLONG 3130 1 0 32 N 676160 698330 37 42 primary 676160 0
TSSEGLONG 3103 2 0 32 S 676160 698330 175 42 primary 676160 0
TSSEGLONG 3130 2 0 32 N 676160 698330 37 42 primary 676160 0
TSSEGLONG 3103 3 0 32 S 676160 698330 175 42 primary 676160 0
TSSEGLONG 3130 3 0 32 N 676160 698330 37 42 primary 676160 0
TSSEGLONG 3103 4 0 32 S 676160 698330 175 42 primary 676160 0
TSSEGLONG 3130 4 0 32 N 676160 698330 37 42 primary 676160 0
TSSEGLONG 3103 5 0 32 S 676160 698330 175 42 primary 676160 0
TSSEGLONG 3130 5 0 32 N 676160 698330 37 42 primary 676160 0
TSSEGLONG 3103 6 0 32 S 676160 698330 175 42 primary 676160 0
TSSEGLONG 3130 6 0 32 N 676160 698330 37 42 primary 676160 0
TSSEGLONG 3103 1 0 32 S 698330 721156 216 43 primary 698330 0
TSSEGLONG 3177 1 0 32 S 721156 893867 47 322 primary 698330 0
TSSEGLONG 3180 1 0 32 N 698330 831990 11 248 primary 698330 0
TSSEGLONG 3185 1 0 32 N 831990 893867 42 115 primary 698330 0
TSSEGLONG 3103 2 0 32 S 698330 721156 216 43 primary 698330 0
TSSEGLONG 3177 2 0 32 S 721156 893867 47 322 primary 698330 0
TSSEGLONG 3180 2 0 32 N 698330 831990 11 248 primary 698330 0
TSSEGLONG 3185 2 0 32 N 831990 893867 42 115 primary 698330 0
TSSEGLONG 3177 3 0 32 S 703375 893867 15 354 primary 698330 0
TSSEGLONG 3103 3 0 32 S 698330 703375 216 11 primary 698330 0
TSSEGLONG 3180 3 0 32 N 698330 831990 11 248 primary 698330 0
TSSEGLONG 3185 3 0 32 N 831990 893867 42 115 primary 698330 0
TSSEGLONG 3103 4 0 32 S 698330 721157 216 43 primary 698330 0
TSSEGLONG 3177 4 0 32 S 721157 893867 47 322 primary 698330 0
TSSEGLONG 3180 4 0 32 N 698330 831990 11 248 primary 698330 0
TSSEGLONG 3185 4 0 32 N 831990 893867 42 115 primary 698330 0
TSSEGLONG 3103 5 0 32 S 698330 721157 216 43 primary 698330 0
TSSEGLONG 3177 5 0 32 S 721157 893867 47 322 primary 698330 0
TSSEGLONG 3180 5 0 32 N 698330 831990 11 248 primary 698330 0
TSSEGLONG 3185 5 0 32 N 831990 893867 42 115 primary 698330 0
TSSEGLONG 3103 6 0 32 S 698330 721158 216 43 primary 698330 0
TSSEGLONG 3177 6 0 32 S 721158 893867 48 321 primary 698330 0
TSSEGLONG 3180 6 0 32 N 698330 831990 11 248 primary 698330 0
TSSEGLONG 3185 6 0 32 N 831990 893867 42 115 primary 698330 0
TSSEGLONG 2735 1 0 33 S 574311 638449 16 119 primary 449868 0
TSSEGLONG 2831 1 0 33 S 557623 574311 11 31 primary 449868 0
TSSEGLONG 2825 1 0 33 S 449868 557623 14 201 primary 449868 0
TSSEGLONG 2822 1 0 33 N 449868 525857 18 141 primary 449868 0
TSSEGLONG 2863 1 0 33 N 525857 621380 47 178 primary 449868 0
TSSEGLONG 2826 1 0 33 N 621380 638449 212 32 primary 449868 0
TSSEGLONG 2735 2 0 33 S 574310 638449 16 119 primary 449868 0
TSSEGLONG 2831 2 0 33 S 557622 574310 11 31 primary 449868 0
TSSEGLONG 2825 2 0 33 S 449868 557622 14 201 primary 449868 0
TSSEGLONG 2822 2 0 33 N 449868 525856 18 141 primary 449868 0
TSSEGLONG 2863 2 0 33 N 525856 621380 47 178 primary 449868 0
TSSEGLONG 2826 2 0 33 N 621380 638449 212 32 primary 449868 0
TSSEGLONG 2735 3 0 33 S 574311 638449 16 119 primary 449868 0
TSSEGLONG 2831 3 0 33 S 557622 574311 11 31 primary 449868 0
TSSEGLONG 2825 3 0 33 S 449868 557622 14 201 primary 449868 0
TSSEGLONG 2822 3 0 33 N 449868 525856 18 141 primary 449868 0
TSSEGLONG 2863 3 0 33 N 525856 621380 47 178 primary 449868 0
TSSEGLONG 2826 3 0 33 N 621380 638449 212 32 primary 449868 0
TSSEGLONG 2735 4 0 33 S 574311 638449 16 119 primary 449868 0
TSSEGLONG 2831 4 0 33 S 557621 574311 11 31 primary 449868 0
TSSEGLONG 2825 4 0 33 S 449868 557621 14 201 primary 449868 0
TSSEGLONG 2822 4 0 33 N 449868 525856 18 141 primary 449868 0
TSSEGLONG 2863 4 0 33 N 525856 621380 47 178 primary 449868 0
TSSEGLONG 2826 4 0 33 N 621380 638449 212 32 primary 449868 0
TSSEGLONG 2735 5 0 33 S 574311 638449 16 119 primary 449868 0
TSSEGLONG 2831 5 0 33 S 557621 574311 11 31 primary 449868 0
TSSEGLONG 2825 5 0 33 S 449868 557621 14 201 primary 449868 0
TSSEGLONG 2822 5 0 33 N 449868 525856 18 141 primary 449868 0
TSSEGLONG 2863 5 0 33 N 525856 621380 47 178 primary 449868 0
TSSEGLONG 2826 5 0 33 N 621380 638449 212 32 primary 449868 0
TSSEGLONG 2735 6 0 33 S 574311 638449 16 119 primary 449868 0
TSSEGLONG 2831 6 0 33 S 557620 574311 11 31 primary 449868 0
TSSEGLONG 2825 6 0 33 S 449868 557620 14 201 primary 449868 0
TSSEGLONG 2822 6 0 33 N 449868 525856 18 141 primary 449868 0
TSSEGLONG 2863 6 0 33 N 525856 621380 47 178 primary 449868 0
TSSEGLONG 2826 6 0 33 N 621380 638449 212 32 primary 449868 0
TSSEGLONG 2137 1 0 34 N 452663 594937 47 264 primary 452663 0
TSSEGLONG 2131 1 0 34 S 452663 512512 17 112 primary 452663 0
TSSEGLONG 2243 1 0 34 S 512512 594937 52 154 primary 452663 0
TSSEGLONG 2137 2 0 34 N 452663 594937 47 264 primary 452663 0
TSSEGLONG 2131 2 0 34 S 452663 512511 17 112 primary 452663 0
TSSEGLONG 2243 2 0 34 S 512511 594937 52 154 primary 452663 0
TSSEGLONG 2137 3 0 34 N 452663 594937 47 264 primary 452663 0
TSSEGLONG 2131 3 0 34 S 452663 512512 17 112 primary 452663 0
TSSEGLONG 2243 3 0 34 S 512512 594937 52 154 primary 452663 0
TSSEGLONG 2137 4 0 34 N 452663 594937 47 264 primary 452663 0
TSSEGLONG 2131 4 0 34 S 452663 512512 17 112 primary 452663 0
TSSEGLONG 2243 4 0 34 S 512512 594937 52 154 primary 452663 0
TSSEGLONG 2137 5 0 34 N 452663 594937 47 264 primary 452663 0
TSSEGLONG 2131 5 0 34 S 452663 512512 17 112 primary 452663 0
TSSEGLONG 2243 5 0 34 S 512512 594937 52 154 primary 452663 0
TSSEGLONG 2137 6 0 34 N 452663 594937 47 264 primary 452663 0
TSSEGLONG 2131 6 0 34 S 452663 512512 17 112 primary 452663 0
TSSEGLONG 2243 6 0 34 S 512512 594937 52 154 primary 452663 0
TSSEGLONG 2243 1 0 34 S 594937 647294 205 98 primary 594937 0
TSSEGLONG 2987 1 0 34 N 594937 647294 20 98 primary 594937 0
TSSEGLONG 2243 2 0 34 S 594937 647294 205 98 primary 594937 0
TSSEGLONG 2987 2 0 34 N 594937 647294 20 98 primary 594937 0
TSSEGLONG 2243 3 0 34 S 594937 647294 205 98 primary 594937 0
TSSEGLONG 2987 3 0 34 N 594937 647294 20 98 primary 594937 0
TSSEGLONG 2243 4 0 34 S 594937 647294 205 98 primary 594937 0
TSSEGLONG 2987 4 0 34 N 594937 647294 20 98 primary 594937 0
TSSEGLONG 2243 5 0 34 S 594937 647294 205 98 primary 594937 0
TSSEGLONG 2987 5 0 34 N 594937 647294 20 98 primary 594937 0
TSSEGLONG 2243 6 0 34 S 594937 647294 205 98 primary 594937 0
TSSEGLONG 2987 6 0 34 N 594937 647294 20 98 primary 594937 0
TSSEGLONG 2243 1 0 34 S 649228 705815 306 106 primary 649228 0
TSSEGLONG 2989 1 0 34 N 649228 705815 11 105 primary 649228 0
TSSEGLONG 2243 2 0 34 S 649228 705815 306 106 primary 649228 0
TSSEGLONG 2989 2 0 34 N 649228 705815 11 105 primary 649228 0
TSSEGLONG 2243 3 0 34 S 649228 705815 306 106 primary 649228 0
TSSEGLONG 2989 3 0 34 N 649228 705815 11 105 primary 649228 0
TSSEGLONG 2243 4 0 34 S 649228 705815 306 106 primary 649228 0
TSSEGLONG 2989 4 0 34 N 649228 705815 11 105 primary 649228 0
TSSEGLONG 2243 5 0 34 S 649228 705815 306 106 primary 649228 0
TSSEGLONG 2989 5 0 34 N 649228 705815 11 105 primary 649228 0
TSSEGLONG 2243 6 0 34 S 649228 705815 306 106 primary 649228 0
TSSEGLONG 2989 6 0 34 N 649228 705815 11 105 primary 649228 0
TSSEGLONG 3226 1 20 34 S 772386 888543 11 216 primary 705815 0
TSSEGLONG 3184 1 20 34 S 728652 772386 11 82 primary 705815 0
TSSEGLONG 3183 1 20 34 S 705815 728652 85 43 primary 705815 0
TSSEGLONG 3225 1 20 34 N 705815 888543 24 340 primary 705815 0
TSSEGLONG 3226 2 20 34 S 772386 888543 11 216 primary 705815 0
TSSEGLONG 3184 2 20 34 S 728652 772386 11 82 primary 705815 0
TSSEGLONG 3183 2 20 34 S 705815 728652 85 43 primary 705815 0
TSSEGLONG 3225 2 20 34 N 705815 888543 24 340 primary 705815 0
TSSEGLONG 3226 3 20 34 S 772385 888543 11 216 primary 705815 0
TSSEGLONG 3184 3 20 34 S 728652 772385 11 82 primary 705815 0
TSSEGLONG 3183 3 20 34 S 705815 728652 85 43 primary 705815 0
TSSEGLONG 3225 3 20 34 N 705815 888543 24 340 primary 705815 0
TSSEGLONG 3226 4 20 34 S 772386 888543 11 216 primary 705815 0
TSSEGLONG 3184 4 20 34 S 728652 772386 11 82 primary 705815 0
TSSEGLONG 3183 4 20 34 S 705815 728652 85 43 primary 705815 0
TSSEGLONG 3225 4 20 34 N 705815 888543 24 340 primary 705815 0
TSSEGLONG 3226 5 20 34 S 772386 888543 11 216 primary 705815 0
TSSEGLONG 3184 5 20 34 S 728652 772386 11 82 primary 705815 0
TSSEGLONG 3183 5 20 34 S 705815 728652 85 43 primary 705815 0
TSSEGLONG 3225 5 20 34 N 705815 888543 24 340 primary 705815 0
TSSEGLONG 3226 6 20 34 S 772386 888543 11 216 primary 705815 0
TSSEGLONG 3184 6 20 34 S 728652 772386 11 82 primary 705815 0
TSSEGLONG 3183 6 20 34 S 705815 728652 85 43 primary 705815 0
TSSEGLONG 3225 6 20 34 N 705815 888543 24 340 primary 705815 0
TSSEGLONG 1896 1 0 35 S 600197 629735 46 55 primary 471938 0
TSSEGLONG 2075 1 0 35 S 516273 537829 30 40 primary 471938 0
TSSEGLONG 1889 1 1 35 S 471938 516273 40 83 primary 471938 0
TSSEGLONG 1889 1 1 35 S 537829 542537 162 9 primary 471938 0
TSSEGLONG 2074 1 0 35 S 542537 600197 76 108 primary 471938 0
TSSEGLONG 1895 1 0 35 N 543486 629735 160 160 primary 471938 0
TSSEGLONG 2076 1 0 35 N 471938 543486 40 133 primary 471938 0
TSSEGLONG 1896 2 0 35 S 600196 629735 46 55 primary 471938 0
TSSEGLONG 1889 2 1 35 S 471938 522056 40 93 primary 471938 0
TSSEGLONG 1889 2 1 35 S 536612 542537 160 11 primary 471938 0
TSSEGLONG 2075 2 0 35 S 522056 536612 40 28 primary 471938 0
TSSEGLONG 2074 2 0 35 S 542537 600196 76 108 primary 471938 0
TSSEGLONG 1895 2 0 35 N 543485 629735 160 160 primary 471938 0
TSSEGLONG 2076 2 0 35 N 471938 543485 40 133 primary 471938 0
TSSEGLONG 1896 3 0 35 S 600196 629735 46 55 primary 471938 0
TSSEGLONG 1889 3 1 35 S 471938 522057 40 93 primary 471938 0
TSSEGLONG 1889 3 1 35 S 536613 542537 160 11 primary 471938 0
TSSEGLONG 2075 3 0 35 S 522057 536613 40 28 primary 471938 0
TSSEGLONG 2074 3 0 35 S 542537 600196 76 108 primary 471938 0
TSSEGLONG 1895 3 0 35 N 543485 629735 160 160 primary 471938 0
TSSEGLONG 2076 3 0 35 N 471938 543485 40 133 primary 471938 0
TSSEGLONG 1896 4 0 35 S 600196 629735 46 55 primary 471938 0
TSSEGLONG 2075 4 0 35 S 516270 537825 30 40 primary 471938 0
TSSEGLONG 1889 4 1 35 S 471938 516270 40 83 primary 471938 0
TSSEGLONG 1889 4 1 35 S 537825 542538 162 9 primary 471938 0
TSSEGLONG 2074 4 0 35 S 542538 600196 76 108 primary 471938 0
TSSEGLONG 1895 4 0 35 N 543485 629735 160 160 primary 471938 0
TSSEGLONG 2076 4 0 35 N 471938 543485 40 133 primary 471938 0
TSSEGLONG 1896 5 0 35 S 600196 629735 46 55 primary 471938 0
TSSEGLONG 2075 5 0 35 S 516270 537823 30 40 primary 471938 0
TSSEGLONG 1889 5 1 35 S 471938 516270 40 83 primary 471938 0
TSSEGLONG 1889 5 1 35 S 537823 542539 162 9 primary 471938 0
TSSEGLONG 2074 5 0 35 S 542539 600196 76 108 primary 471938 0
TSSEGLONG 1895 5 0 35 N 543485 629735 160 160 primary 471938 0
TSSEGLONG 2076 5 0 35 N 471938 543485 40 133 primary 471938 0
TSSEGLONG 1896 6 0 35 S 600195 629735 46 55 primary 471938 0
TSSEGLONG 2075 6 0 35 S 516269 537822 30 40 primary 471938 0
TSSEGLONG 1889 6 1 35 S 471938 516269 40 83 primary 471938 0
TSSEGLONG 1889 6 1 35 S 537822 542539 162 9 primary 471938 0
TSSEGLONG 2074 6 0 35 S 542539 600195 76 108 primary 471938 0
TSSEGLONG 1895 6 0 35 N 543485 629735 160 160 primary 471938 0
TSSEGLONG 2076 6 0 35 N 471938 543485 40 133 primary 471938 0
TSSEGLONG 1896 1 0 35 S 629735 676200 100 87 primary 629735 0
TSSEGLONG 2326 1 0 35 S 676200 775955 84 186 primary 629735 0
TSSEGLONG 2298 1 0 35 N 629735 646646 61 32 primary 629735 0
TSSEGLONG 2304 1 0 35 N 646646 742545 162 178 primary 629735 0
TSSEGLONG 2299 1 0 35 N 742545 775955 198 63 primary 629735 0
TSSEGLONG 1896 2 0 35 S 629735 676199 100 87 primary 629735 0
TSSEGLONG 2326 2 0 35 S 676199 775955 84 186 primary 629735 0
TSSEGLONG 2298 2 0 35 N 629735 646645 61 32 primary 629735 0
TSSEGLONG 2304 2 0 35 N 646645 742544 162 178 primary 629735 0
TSSEGLONG 2299 2 0 35 N 742544 775955 198 63 primary 629735 0
TSSEGLONG 1896 3 0 35 S 629735 676199 100 87 primary 629735 0
TSSEGLONG 2326 3 0 35 S 676199 775955 84 186 primary 629735 0
TSSEGLONG 2298 3 0 35 N 629735 646645 61 32 primary 629735 0
TSSEGLONG 2304 3 0 35 N 646645 742544 162 178 primary 629735 0
TSSEGLONG 2299 3 0 35 N 742544 775955 198 63 primary 629735 0
TSSEGLONG 1896 4 0 35 S 629735 676199 100 87 primary 629735 0
TSSEGLONG 2326 4 0 35 S 676199 775955 84 186 primary 629735 0
TSSEGLONG 2298 4 0 35 N 629735 646645 61 32 primary 629735 0
TSSEGLONG 2304 4 0 35 N 646645 742544 162 178 primary 629735 0
TSSEGLONG 2299 4 0 35 N 742544 775955 198 63 primary 629735 0
TSSEGLONG 1896 5 0 35 S 629735 676199 100 87 primary 629735 0
TSSEGLONG 2326 5 0 35 S 676199 775955 84 186 primary 629735 0
TSSEGLONG 2298 5 0 35 N 629735 646645 61 32 primary 629735 0
TSSEGLONG 2304 5 0 35 N 646645 742544 162 178 primary 629735 0
TSSEGLONG 2299 5 0 35 N 742544 775955 198 63 primary 629735 0
TSSEGLONG 1896 6 0 35 S 629735 676198 100 87 primary 629735 0
TSSEGLONG 2326 6 0 35 S 676198 775955 84 186 primary 629735 0
TSSEGLONG 2298 6 0 35 N 629735 646645 61 32 primary 629735 0
TSSEGLONG 2304 6 0 35 N 646645 742544 162 178 primary 629735 0
TSSEGLONG 2299 6 0 35 N 742544 775955 198 63 primary 629735 0
TSSEGLONG 2328 1 0 35 S 799349 890419 11 169 primary 775955 0
TSSEGLONG 2326 1 0 35 S 775955 799349 269 45 primary 775955 0
TSSEGLONG 2305 1 0 35 N 807187 890419 26 155 primary 775955 0
TSSEGLONG 2299 1 0 35 N 775955 807187 260 59 primary 775955 0
TSSEGLONG 2328 2 0 35 S 799348 890419 11 169 primary 775955 0
TSSEGLONG 2326 2 0 35 S 775955 799348 269 45 primary 775955 0
TSSEGLONG 2305 2 0 35 N 807186 890419 26 155 primary 775955 0
TSSEGLONG 2299 2 0 35 N 775955 807186 260 59 primary 775955 0
TSSEGLONG 2328 3 0 35 S 799347 890419 11 169 primary 775955 0
TSSEGLONG 2326 3 0 35 S 775955 799347 269 45 primary 775955 0
TSSEGLONG 2305 3 0 35 N 807186 890419 26 155 primary 775955 0
TSSEGLONG 2299 3 0 35 N 775955 807186 260 59 primary 775955 0
TSSEGLONG 2328 4 0 35 S 799347 890419 11 169 primary 775955 0
TSSEGLONG 2326 4 0 35 S 775955 799347 269 45 primary 775955 0
TSSEGLONG 2305 4 0 35 N 807186 890419 26 155 primary 775955 0
TSSEGLONG 2299 4 0 35 N 775955 807186 260 59 primary 775955 0
TSSEGLONG 2328 5 0 35 S 799347 890419 11 169 primary 775955 0
TSSEGLONG 2326 5 0 35 S 775955 799347 269 45 primary 775955 0
TSSEGLONG 2305 5 0 35 N 807186 890419 26 155 primary 775955 0
TSSEGLONG 2299 5 0 35 N 775955 807186 260 59 primary 775955 0
TSSEGLONG 2328 6 0 35 S 799346 890419 11 169 primary 775955 0
TSSEGLONG 2326 6 0 35 S 775955 799346 269 45 primary 775955 0
TSSEGLONG 2305 6 0 35 N 807185 890419 26 155 primary 775955 0
TSSEGLONG 2299 6 0 35 N 775955 807185 260 59 primary 775955 0
TSSEGLONG 1331 1 1 36 S 492185 603270 64 207 primary 492185 0
TSSEGLONG 1345 1 3 36 N 492185 603270 40 207 primary 492185 0
TSSEGLONG 1331 2 1 36 S 492185 603270 64 207 primary 492185 0
TSSEGLONG 1345 2 3 36 N 492185 603270 40 207 primary 492185 0
TSSEGLONG 1331 3 1 36 S 492185 603270 64 207 primary 492185 0
TSSEGLONG 1345 3 3 36 N 492185 603270 40 207 primary 492185 0
TSSEGLONG 1331 4 1 36 S 492185 603270 64 207 primary 492185 0
TSSEGLONG 1345 4 3 36 N 492185 603270 40 207 primary 492185 0
TSSEGLONG 1331 5 1 36 S 492185 603270 64 207 primary 492185 0
TSSEGLONG 1345 5 3 36 N 492185 603270 40 207 primary 492185 0
TSSEGLONG 1331 6 1 36 S 492185 603270 64 207 primary 492185 0
TSSEGLONG 1345 6 3 36 N 492185 603270 40 207 primary 492185 0
TSSEGLONG 1332 1 1 36 S 603270 630359 18 51 primary 603270 0
TSSEGLONG 1345 1 3 36 N 603270 630359 246 51 primary 603270 0
TSSEGLONG 1332 2 1 36 S 603270 630359 18 51 primary 603270 0
TSSEGLONG 1345 2 3 36 N 603270 630359 246 51 primary 603270 0
TSSEGLONG 1332 3 1 36 S 603270 630359 18 51 primary 603270 0
TSSEGLONG 1345 3 3 36 N 603270 630359 246 51 primary 603270 0
TSSEGLONG 1332 4 1 36 S 603270 630359 18 51 primary 603270 0
TSSEGLONG 1345 4 3 36 N 603270 630359 246 51 primary 603270 0
TSSEGLONG 1332 5 1 36 S 603270 630359 18 51 primary 603270 0
TSSEGLONG 1345 5 3 36 N 603270 630359 246 51 primary 603270 0
TSSEGLONG 1332 6 1 36 S 603270 630359 18 51 primary 603270 0
TSSEGLONG 1345 6 3 36 N 603270 630359 246 51 primary 603270 0
TSSEGLONG 1345 1 4 36 N 675413 750790 380 140 primary 634942 0
TSSEGLONG 2189 1 0 36 N 634942 675413 41 76 primary 634942 0
TSSEGLONG 2078 1 0 36 S 634942 696722 45 115 primary 634942 0
TSSEGLONG 2134 1 0 36 S 696722 750790 38 101 primary 634942 0
TSSEGLONG 1345 2 4 36 N 675413 750790 380 140 primary 634942 0
TSSEGLONG 2189 2 0 36 N 634942 675413 41 76 primary 634942 0
TSSEGLONG 2078 2 0 36 S 634942 696721 45 115 primary 634942 0
TSSEGLONG 2134 2 0 36 S 696721 750790 38 101 primary 634942 0
TSSEGLONG 1345 3 4 36 N 675414 750790 380 140 primary 634942 0
TSSEGLONG 2189 3 0 36 N 634942 675414 41 76 primary 634942 0
TSSEGLONG 2078 3 0 36 S 634942 696721 45 115 primary 634942 0
TSSEGLONG 2134 3 0 36 S 696721 750790 38 101 primary 634942 0
TSSEGLONG 1345 4 4 36 N 675416 750790 380 140 primary 634942 0
TSSEGLONG 2189 4 0 36 N 634942 675416 41 76 primary 634942 0
TSSEGLONG 2078 4 0 36 S 634942 696720 45 115 primary 634942 0
TSSEGLONG 2134 4 0 36 S 696720 750790 38 101 primary 634942 0
TSSEGLONG 1345 5 4 36 N 675417 750790 380 140 primary 634942 0
TSSEGLONG 2189 5 0 36 N 634942 675417 41 76 primary 634942 0
TSSEGLONG 2078 5 0 36 S 634942 696720 45 115 primary 634942 0
TSSEGLONG 2134 5 0 36 S 696720 750790 38 101 primary 634942 0
TSSEGLONG 1345 6 4 36 N 675418 750790 380 140 primary 634942 0
TSSEGLONG 2189 6 0 36 N 634942 675418 41 76 primary 634942 0
TSSEGLONG 2078 6 0 36 S 634942 696720 45 115 primary 634942 0
TSSEGLONG 2134 6 0 36 S 696720 750790 38 101 primary 634942 0
TSSEGLONG 2248 1 0 36 S 754305 845720 28 170 primary 754305 0
TSSEGLONG 1345 1 4 36 N 754305 845720 526 170 primary 754305 0
TSSEGLONG 2248 2 0 36 S 754305 845720 28 170 primary 754305 0
TSSEGLONG 1345 2 4 36 N 754305 845720 526 170 primary 754305 0
TSSEGLONG 2248 3 0 36 S 754305 845720 28 170 primary 754305 0
TSSEGLONG 1345 3 4 36 N 754305 845720 526 170 primary 754305 0
TSSEGLONG 2248 4 0 36 S 754305 845720 28 170 primary 754305 0
TSSEGLONG 1345 4 4 36 N 754305 845720 526 170 primary 754305 0
TSSEGLONG 2248 5 0 36 S 754305 845720 28 170 primary 754305 0
TSSEGLONG 1345 5 4 36 N 754305 845720 526 170 primary 754305 0
TSSEGLONG 2248 6 0 36 S 754305 845720 28 170 primary 754305 0
TSSEGLONG 1345 6 4 36 N 754305 845720 526 170 primary 754305 0
TSSEGLONG 2248 1 0 36 S 845720 887419 197 78 primary 845720 0
TSSEGLONG 2335 1 0 36 N 845720 887419 71 78 primary 845720 0
TSSEGLONG 2248 2 0 36 S 845720 887419 197 78 primary 845720 0
TSSEGLONG 2335 2 0 36 N 845720 887419 71 78 primary 845720 0
TSSEGLONG 2248 3 0 36 S 845720 887419 197 78 primary 845720 0
TSSEGLONG 2335 3 0 36 N 845720 887419 71 78 primary 845720 0
TSSEGLONG 2248 4 0 36 S 845720 887419 197 78 primary 845720 0
TSSEGLONG 2335 4 0 36 N 845720 887419 71 78 primary 845720 0
TSSEGLONG 2248 5 0 36 S 845720 887419 197 78 primary 845720 0
TSSEGLONG 2335 5 0 36 N 845720 887419 71 78 primary 845720 0
TSSEGLONG 2248 6 0 36 S 845720 887419 197 78 primary 845720 0
TSSEGLONG 2335 6 0 36 N 845720 887419 71 78 primary 845720 0
TSSEGLONG 1350 1 5 37 S 477561 581100 20 193 primary 477561 0
TSSEGLONG 1450 1 5 37 N 541216 581100 38 74 primary 477561 0
TSSEGLONG 1402 1 1 37 N 477561 541216 11 119 primary 477561 0
TSSEGLONG 1350 2 5 37 S 477561 581100 20 193 primary 477561 0
TSSEGLONG 1450 2 5 37 N 541216 581100 38 74 primary 477561 0
TSSEGLONG 1402 2 1 37 N 477561 541216 11 119 primary 477561 0
TSSEGLONG 1350 3 5 37 S 477561 581100 20 193 primary 477561 0
TSSEGLONG 1450 3 5 37 N 541217 581100 38 74 primary 477561 0
TSSEGLONG 1402 3 1 37 N 477561 541217 11 119 primary 477561 0
TSSEGLONG 1350 4 5 37 S 477561 581100 20 193 primary 477561 0
TSSEGLONG 1450 4 5 37 N 541217 581100 38 74 primary 477561 0
TSSEGLONG 1402 4 1 37 N 477561 541217 11 119 primary 477561 0
TSSEGLONG 1350 5 5 37 S 477561 581100 20 193 primary 477561 0
TSSEGLONG 1450 5 5 37 N 541218 581100 38 74 primary 477561 0
TSSEGLONG 1402 5 1 37 N 477561 541218 11 119 primary 477561 0
TSSEGLONG 1350 6 5 37 S 477561 581100 20 193 primary 477561 0
TSSEGLONG 1450 6 5 37 N 541218 581100 38 74 primary 477561 0
TSSEGLONG 1402 6 1 37 N 477561 541218 11 119 primary 477561 0
TSSEGLONG 1350 1 5 37 S 581100 717831 212 254 primary 581100 0
TSSEGLONG 1412 1 5 37 N 581100 717831 11 255 primary 581100 0
TSSEGLONG 1350 2 5 37 S 581100 717831 212 254 primary 581100 0
TSSEGLONG 1412 2 5 37 N 581100 717831 11 255 primary 581100 0
TSSEGLONG 1350 3 5 37 S 581100 717831 212 254 primary 581100 0
TSSEGLONG 1412 3 5 37 N 581100 717831 11 255 primary 581100 0
TSSEGLONG 1350 4 5 37 S 581100 717831 212 254 primary 581100 0
TSSEGLONG 1412 4 5 37 N 581100 717831 11 255 primary 581100 0
TSSEGLONG 1350 5 5 37 S 581100 717831 212 254 primary 581100 0
TSSEGLONG 1412 5 5 37 N 581100 717831 11 255 primary 581100 0
TSSEGLONG 1350 6 5 37 S 581100 717831 212 254 primary 581100 0
TSSEGLONG 1412 6 5 37 N 581100 717831 11 255 primary 581100 0
TSSEGLONG 2206 1 0 37 S 718022 784835 36 124 primary 718022 0
TSSEGLONG 1412 1 5 37 N 718022 784835 266 124 primary 718022 0
TSSEGLONG 2206 2 0 37 S 718022 784835 36 124 primary 718022 0
TSSEGLONG 1412 2 5 37 N 718022 784835 266 124 primary 718022 0
TSSEGLONG 2206 3 0 37 S 718022 784835 36 124 primary 718022 0
TSSEGLONG 1412 3 5 37 N 718022 784835 266 124 primary 718022 0
TSSEGLONG 2206 4 0 37 S 718022 784835 36 124 primary 718022 0
TSSEGLONG 1412 4 5 37 N 718022 784835 266 124 primary 718022 0
TSSEGLONG 2206 5 0 37 S 718022 784835 36 124 primary 718022 0
TSSEGLONG 1412 5 5 37 N 718022 784835 266 124 primary 718022 0
TSSEGLONG 2206 6 0 37 S 718022 784835 36 124 primary 718022 0
TSSEGLONG 1412 6 5 37 N 718022 784835 266 124 primary 718022 0
TSSEGLONG 2207 1 0 37 S 788748 839942 22 96 primary 788748 0
TSSEGLONG 1453 1 1 37 N 788748 839942 28 95 primary 788748 0
TSSEGLONG 2207 2 0 37 S 788748 839942 22 96 primary 788748 0
TSSEGLONG 1453 2 1 37 N 788748 839942 28 95 primary 788748 0
TSSEGLONG 2207 3 0 37 S 788748 839942 22 96 primary 788748 0
TSSEGLONG 1453 3 1 37 N 788748 839942 28 95 primary 788748 0
TSSEGLONG 2207 4 0 37 S 788748 839942 22 96 primary 788748 0
TSSEGLONG 1453 4 1 37 N 788748 839942 28 95 primary 788748 0
TSSEGLONG 2207 5 0 37 S 788748 839942 22 96 primary 788748 0
TSSEGLONG 1453 5 1 37 N 788748 839942 28 95 primary 788748 0
TSSEGLONG 2207 6 0 37 S 788748 839942 22 96 primary 788748 0
TSSEGLONG 1453 6 1 37 N 788748 839942 28 95 primary 788748 0
TSSEGLONG 1339 1 0 42 S 750191 795786 11 85 primary 750191 0
TSSEGLONG 1336 1 0 42 N 750191 795786 11 85 primary 750191 0
TSSEGLONG 1339 2 0 42 S 750191 795786 11 85 primary 750191 0
TSSEGLONG 1336 2 0 42 N 750191 795786 11 85 primary 750191 0
TSSEGLONG 1339 3 0 42 S 750191 795786 11 85 primary 750191 0
TSSEGLONG 1336 3 0 42 N 750191 795786 11 85 primary 750191 0
TSSEGLONG 1339 4 0 42 S 750191 795786 11 85 primary 750191 0
TSSEGLONG 1336 4 0 42 N 750191 795786 11 85 primary 750191 0
TSSEGLONG 1339 5 0 42 S 750191 795786 11 85 primary 750191 0
TSSEGLONG 1336 5 0 42 N 750191 795786 11 85 primary 750191 0
TSSEGLONG 1339 6 0 42 S 750191 795786 11 85 primary 750191 0
TSSEGLONG 1336 6 0 42 N 750191 795786 11 85 primary 750191 0
TSSEGLONG 1359 1 0 43 S 748278 794939 19 87 primary 748278 0
TSSEGLONG 1356 1 0 43 N 748278 794939 20 87 primary 748278 0
TSSEGLONG 1359 2 0 43 S 748278 794939 19 87 primary 748278 0
TSSEGLONG 1356 2 0 43 N 748278 794939 20 87 primary 748278 0
TSSEGLONG 1359 3 0 43 S 748278 794939 19 87 primary 748278 0
TSSEGLONG 1356 3 0 43 N 748278 794939 20 87 primary 748278 0
TSSEGLONG 1359 4 0 43 S 748278 794939 19 87 primary 748278 0
TSSEGLONG 1356 4 0 43 N 748278 794939 20 87 primary 748278 0
TSSEGLONG 1359 5 0 43 S 748278 794939 19 87 primary 748278 0
TSSEGLONG 1356 5 0 43 N 748278 794939 20 87 primary 748278 0
TSSEGLONG 1359 6 0 43 S 748278 794939 19 87 primary 748278 0
TSSEGLONG 1356 6 0 43 N 748278 794939 20 87 primary 748278 0
TSSEGLONG 2566 1 0 76 S 1143559 1320980 25 330 primary 1139310 0
TSSEGLONG 1749 1 0 76 S 1139310 1143559 93 9 primary 1139310 0
TSSEGLONG 1739 1 0 76 N 1139310 1306919 11 311 primary 1139310 0
TSSEGLONG 1904 1 0 76 N 1306919 1320980 170 27 primary 1139310 0
TSSEGLONG 2566 2 0 76 S 1143558 1320980 25 330 primary 1139310 0
TSSEGLONG 1749 2 0 76 S 1139310 1143558 93 9 primary 1139310 0
TSSEGLONG 1739 2 0 76 N 1139310 1306919 11 311 primary 1139310 0
TSSEGLONG 1904 2 0 76 N 1306919 1320980 170 27 primary 1139310 0
TSSEGLONG 2566 3 0 76 S 1143558 1320980 25 330 primary 1139310 0
TSSEGLONG 1749 3 0 76 S 1139310 1143558 93 9 primary 1139310 0
TSSEGLONG 1739 3 0 76 N 1139310 1306918 11 311 primary 1139310 0
TSSEGLONG 1904 3 0 76 N 1306918 1320980 170 27 primary 1139310 0
TSSEGLONG 2566 4 0 76 S 1143558 1320980 25 330 primary 1139310 0
TSSEGLONG 1749 4 0 76 S 1139310 1143558 93 9 primary 1139310 0
TSSEGLONG 1739 4 0 76 N 1139310 1306918 11 311 primary 1139310 0
TSSEGLONG 1904 4 0 76 N 1306918 1320980 170 27 primary 1139310 0
TSSEGLONG 2566 5 0 76 S 1143559 1320980 25 330 primary 1139310 0
TSSEGLONG 1749 5 0 76 S 1139310 1143559 93 9 primary 1139310 0
TSSEGLONG 1739 5 0 76 N 1139310 1306918 11 311 primary 1139310 0
TSSEGLONG 1904 5 0 76 N 1306918 1320980 170 27 primary 1139310 0
TSSEGLONG 2566 6 0 76 S 1143559 1320980 25 330 primary 1139310 0
TSSEGLONG 1749 6 0 76 S 1139310 1143559 93 9 primary 1139310 0
TSSEGLONG 1739 6 0 76 N 1139310 1306918 11 311 primary 1139310 0
TSSEGLONG 1904 6 0 76 N 1306918 1320980 170 27 primary 1139310 0
TSSEGLONG 1035 1 2 76 S 1320980 1414739 11 174 primary 1320980 0
TSSEGLONG 1043 1 1 76 N 1320980 1414739 47 175 primary 1320980 0
TSSEGLONG 1035 2 2 76 S 1320980 1414739 11 174 primary 1320980 0
TSSEGLONG 1043 2 1 76 N 1320980 1414739 47 175 primary 1320980 0
TSSEGLONG 1035 3 2 76 S 1320980 1414739 11 174 primary 1320980 0
TSSEGLONG 1043 3 1 76 N 1320980 1414739 47 175 primary 1320980 0
TSSEGLONG 1035 4 2 76 S 1320980 1414739 11 174 primary 1320980 0
TSSEGLONG 1043 4 1 76 N 1320980 1414739 47 175 primary 1320980 0
TSSEGLONG 1035 5 2 76 S 1320980 1414739 11 174 primary 1320980 0
TSSEGLONG 1043 5 1 76 N 1320980 1414739 47 175 primary 1320980 0
TSSEGLONG 1035 6 2 76 S 1320980 1414739 11 174 primary 1320980 0
TSSEGLONG 1043 6 1 76 N 1320980 1414739 47 175 primary 1320980 0
TSSEGLONG 2583 1 0 82 S 1113106 1176576 42 118 primary 1113106 0
TSSEGLONG 2662 1 0 82 N 1153226 1176576 18 44 primary 1113106 0
TSSEGLONG 2659 1 0 82 N 1113106 1153226 54 75 primary 1113106 0
TSSEGLONG 2583 2 0 82 S 1113106 1176576 42 118 primary 1113106 0
TSSEGLONG 2662 2 0 82 N 1153226 1176576 18 44 primary 1113106 0
TSSEGLONG 2659 2 0 82 N 1113106 1153226 54 75 primary 1113106 0
TSSEGLONG 2583 3 0 82 S 1113106 1176576 42 118 primary 1113106 0
TSSEGLONG 2662 3 0 82 N 1153225 1176576 18 44 primary 1113106 0
TSSEGLONG 2659 3 0 82 N 1113106 1153225 54 75 primary 1113106 0
TSSEGLONG 2583 4 0 82 S 1113106 1176576 42 118 primary 1113106 0
TSSEGLONG 2662 4 0 82 N 1153226 1176576 18 44 primary 1113106 0
TSSEGLONG 2659 4 0 82 N 1113106 1153226 54 75 primary 1113106 0
TSSEGLONG 2583 5 0 82 S 1113106 1176576 42 118 primary 1113106 0
TSSEGLONG 2662 5 0 82 N 1153226 1176576 18 44 primary 1113106 0
TSSEGLONG 2659 5 0 82 N 1113106 1153226 54 75 primary 1113106 0
TSSEGLONG 2583 6 0 82 S 1113106 1176576 42 118 primary 1113106 0
TSSEGLONG 2662 6 0 82 N 1153226 1176576 18 44 primary 1113106 0
TSSEGLONG 2659 6 0 82 N 1113106 1153226 54 75 primary 1113106 0
TSSEGLONG 1056 1 1 82 S 1176576 1262827 18 160 primary 1176576 0
TSSEGLONG 125 1 4 82 S 1262827 1499432 13 440 primary 1176576 0
TSSEGLONG 1033 1 1 82 N 1176576 1212268 65 67 primary 1176576 0
TSSEGLONG 94 1 4 82 N 1212268 1499432 13 533 primary 1176576 0
TSSEGLONG 1056 2 1 82 S 1176576 1262827 18 160 primary 1176576 0
TSSEGLONG 125 2 4 82 S 1262827 1499432 13 440 primary 1176576 0
TSSEGLONG 1033 2 1 82 N 1176576 1212267 65 67 primary 1176576 0
TSSEGLONG 94 2 4 82 N 1212267 1499432 13 533 primary 1176576 0
TSSEGLONG 1056 3 1 82 S 1176576 1262829 18 160 primary 1176576 0
TSSEGLONG 125 3 4 82 S 1262829 1499432 13 440 primary 1176576 0
TSSEGLONG 1033 3 1 82 N 1176576 1212266 65 67 primary 1176576 0
TSSEGLONG 94 3 4 82 N 1212266 1499432 13 533 primary 1176576 0
TSSEGLONG 1056 4 1 82 S 1176576 1262830 18 160 primary 1176576 0
TSSEGLONG 125 4 4 82 S 1262830 1499432 13 440 primary 1176576 0
TSSEGLONG 1033 4 1 82 N 1176576 1212265 65 67 primary 1176576 0
TSSEGLONG 94 4 4 82 N 1212265 1499432 13 533 primary 1176576 0
TSSEGLONG 1056 5 1 82 S 1176576 1262831 18 160 primary 1176576 0
TSSEGLONG 125 5 4 82 S 1262831 1499432 13 440 primary 1176576 0
TSSEGLONG 1033 5 1 82 N 1176576 1212265 65 67 primary 1176576 0
TSSEGLONG 94 5 4 82 N 1212265 1499432 13 533 primary 1176576 0
TSSEGLONG 1056 6 1 82 S 1176576 1262832 18 160 primary 1176576 0
TSSEGLONG 125 6 4 82 S 1262832 1499432 13 440 primary 1176576 0
TSSEGLONG 1033 6 1 82 N 1176576 1212264 65 67 primary 1176576 0
TSSEGLONG 94 6 4 82 N 1212264 1499432 13 533 primary 1176576 0
TSSEGLONG 1737 1 0 86 S 1113340 1184468 11 132 primary 1113340 0
TSSEGLONG 1659 1 1 86 N 1113340 1184468 25 133 primary 1113340 0
TSSEGLONG 1737 2 0 86 S 1113340 1184468 11 132 primary 1113340 0
TSSEGLONG 1659 2 1 86 N 1113340 1184468 25 133 primary 1113340 0
TSSEGLONG 1737 3 0 86 S 1113340 1184468 11 132 primary 1113340 0
TSSEGLONG 1659 3 1 86 N 1113340 1184468 25 133 primary 1113340 0
TSSEGLONG 1737 4 0 86 S 1113340 1184468 11 132 primary 1113340 0
TSSEGLONG 1659 4 1 86 N 1113340 1184468 25 133 primary 1113340 0
TSSEGLONG 1737 5 0 86 S 1113340 1184468 11 132 primary 1113340 0
TSSEGLONG 1659 5 1 86 N 1113340 1184468 25 133 primary 1113340 0
TSSEGLONG 1737 6 0 86 S 1113340 1184468 11 132 primary 1113340 0
TSSEGLONG 1659 6 1 86 N 1113340 1184468 25 133 primary 1113340 0
TSSEGLONG 2576 1 0 86 S 1184468 1257369 48 136 primary 1184468 0
TSSEGLONG 1659 1 2 86 N 1184468 1257369 157 136 primary 1184468 0
TSSEGLONG 2576 2 0 86 S 1184468 1257369 48 136 primary 1184468 0
TSSEGLONG 1659 2 2 86 N 1184468 1257369 157 136 primary 1184468 0
TSSEGLONG 2576 3 0 86 S 1184468 1257369 48 136 primary 1184468 0
TSSEGLONG 1659 3 2 86 N 1184468 1257369 157 136 primary 1184468 0
TSSEGLONG 2576 4 0 86 S 1184468 1257369 48 136 primary 1184468 0
TSSEGLONG 1659 4 2 86 N 1184468 1257369 157 136 primary 1184468 0
TSSEGLONG 2576 5 0 86 S 1184468 1257369 48 136 primary 1184468 0
TSSEGLONG 1659 5 2 86 N 1184468 1257369 157 136 primary 1184468 0
TSSEGLONG 2576 6 0 86 S 1184468 1257369 48 136 primary 1184468 0
TSSEGLONG 1659 6 2 86 N 1184468 1257369 157 136 primary 1184468 0
TSSEGLONG 1729 1 0 86 S 1257369 1374127 11 217 primary 1257369 0
TSSEGLONG 1740 1 0 86 N 1290050 1374127 11 156 primary 1257369 0
TSSEGLONG 1891 1 0 86 N 1259586 1290050 32 57 primary 1257369 0
TSSEGLONG 1659 1 1 86 N 1257369 1259586 292 5 primary 1257369 0
TSSEGLONG 1729 2 0 86 S 1257369 1374127 11 217 primary 1257369 0
TSSEGLONG 1740 2 0 86 N 1290049 1374127 11 156 primary 1257369 0
TSSEGLONG 1891 2 0 86 N 1259586 1290049 32 57 primary 1257369 0
TSSEGLONG 1659 2 1 86 N 1257369 1259586 292 5 primary 1257369 0
TSSEGLONG 1729 3 0 86 S 1257369 1374127 11 217 primary 1257369 0
TSSEGLONG 1740 3 0 86 N 1290050 1374127 11 156 primary 1257369 0
TSSEGLONG 1891 3 0 86 N 1259585 1290050 32 57 primary 1257369 0
TSSEGLONG 1659 3 1 86 N 1257369 1259585 292 5 primary 1257369 0
TSSEGLONG 1729 4 0 86 S 1257369 1374127 11 217 primary 1257369 0
TSSEGLONG 1740 4 0 86 N 1290050 1374127 11 156 primary 1257369 0
TSSEGLONG 1891 4 0 86 N 1259585 1290050 32 57 primary 1257369 0
TSSEGLONG 1659 4 1 86 N 1257369 1259585 292 5 primary 1257369 0
TSSEGLONG 1729 5 0 86 S 1257369 1374127 11 217 primary 1257369 0
TSSEGLONG 1740 5 0 86 N 1290051 1374127 11 156 primary 1257369 0
TSSEGLONG 1891 5 0 86 N 1259585 1290051 32 57 primary 1257369 0
TSSEGLONG 1659 5 1 86 N 1257369 1259585 292 5 primary 1257369 0
TSSEGLONG 1729 6 0 86 S 1257369 1374127 11 217 primary 1257369 0
TSSEGLONG 1740 6 0 86 N 1290051 1374127 11 156 primary 1257369 0
TSSEGLONG 1891 6 0 86 N 1259585 1290051 32 57 primary 1257369 0
TSSEGLONG 1659 6 1 86 N 1257369 1259585 292 5 primary 1257369 0
TSSEGLONG 1729 1 0 86 S 1375980 1401848 231 49 primary 1375980 0
TSSEGLONG 1741 1 0 86 N 1375980 1401848 11 48 primary 1375980 0
TSSEGLONG 1729 2 0 86 S 1375980 1401848 231 49 primary 1375980 0
TSSEGLONG 1741 2 0 86 N 1375980 1401848 11 48 primary 1375980 0
TSSEGLONG 1729 3 0 86 S 1375980 1401848 231 49 primary 1375980 0
TSSEGLONG 1741 3 0 86 N 1375980 1401848 11 48 primary 1375980 0
TSSEGLONG 1729 4 0 86 S 1375980 1401848 231 49 primary 1375980 0
TSSEGLONG 1741 4 0 86 N 1375980 1401848 11 48 primary 1375980 0
TSSEGLONG 1729 5 0 86 S 1375980 1401848 231 49 primary 1375980 0
TSSEGLONG 1741 5 0 86 N 1375980 1401848 11 48 primary 1375980 0
TSSEGLONG 1729 6 0 86 S 1375980 1401848 231 49 primary 1375980 0
TSSEGLONG 1741 6 0 86 N 1375980 1401848 11 48 primary 1375980 0
TSSEGLONG 1729 1 0 86 S 1402340 1422868 279 40 primary 1402340 0
TSSEGLONG 1869 1 0 86 N 1408944 1422868 44 26 primary 1402340 0
TSSEGLONG 1893 1 0 86 N 1402340 1408944 11 13 primary 1402340 0
TSSEGLONG 1729 2 0 86 S 1402340 1422868 279 40 primary 1402340 0
TSSEGLONG 1869 2 0 86 N 1408944 1422868 44 26 primary 1402340 0
TSSEGLONG 1893 2 0 86 N 1402340 1408944 11 13 primary 1402340 0
TSSEGLONG 1729 3 0 86 S 1402340 1422868 279 40 primary 1402340 0
TSSEGLONG 1869 3 0 86 N 1408944 1422868 44 26 primary 1402340 0
TSSEGLONG 1893 3 0 86 N 1402340 1408944 11 13 primary 1402340 0
TSSEGLONG 1729 4 0 86 S 1402340 1422868 279 40 primary 1402340 0
TSSEGLONG 1869 4 0 86 N 1408944 1422868 44 26 primary 1402340 0
TSSEGLONG 1893 4 0 86 N 1402340 1408944 11 13 primary 1402340 0
TSSEGLONG 1729 5 0 86 S 1402340 1422868 279 40 primary 1402340 0
TSSEGLONG 1869 5 0 86 N 1408944 1422868 44 26 primary 1402340 0
TSSEGLONG 1893 5 0 86 N 1402340 1408944 11 13 primary 1402340 0
TSSEGLONG 1729 6 0 86 S 1402340 1422868 279 40 primary 1402340 0
TSSEGLONG 1869 6 0 86 N 1408944 1422868 44 26 primary 1402340 0
TSSEGLONG 1893 6 0 86 N 1402340 1408944 11 13 primary 1402340 0
TSSEGLONG 1729 1 0 86 S 1422868 1521993 318 184 primary 1422868 0
TSSEGLONG 1045 1 1 86 N 1422868 1521993 11 184 primary 1422868 0
TSSEGLONG 1729 2 0 86 S 1422868 1521993 318 184 primary 1422868 0
TSSEGLONG 1045 2 1 86 N 1422868 1521993 11 184 primary 1422868 0
TSSEGLONG 1729 3 0 86 S 1422868 1521993 318 184 primary 1422868 0
TSSEGLONG 1045 3 1 86 N 1422868 1521993 11 184 primary 1422868 0
TSSEGLONG 1729 4 0 86 S 1422868 1521993 318 184 primary 1422868 0
TSSEGLONG 1045 4 1 86 N 1422868 1521993 11 184 primary 1422868 0
TSSEGLONG 1729 5 0 86 S 1422868 1521993 318 184 primary 1422868 0
TSSEGLONG 1045 5 1 86 N 1422868 1521993 11 184 primary 1422868 0
TSSEGLONG 1729 6 0 86 S 1422868 1521993 318 184 primary 1422868 0
TSSEGLONG 1045 6 1 86 N 1422868 1521993 11 184 primary 1422868 0

