spRerun 20

typedef struct {
	int plate;
	int mjd;
	double ra;
	double dec;
	float SN_gri;
} PLATERADEC;


plateradec  266  51630  145.8928   0.061309    38.2
plateradec  267  51608  147.7331  -0.030653    37.2
plateradec  268  51633  149.0618   0.079698    41.6
plateradec  269  51910  150.6294   0.000000    27.9
plateradec  270  51909  152.4606   0.006131    37.5
plateradec  271  51883  154.2643   0.024524    33.5
plateradec  272  51941  156.0188   0.018392    33.5
plateradec  273  51957  157.9021   0.009197    26.0
plateradec  274  51913  159.7486   0.018393    67.5
plateradec  275  51910  161.4664  -0.006133    46.2
plateradec  276  51909  163.3804   0.042915    52.9
plateradec  277  51908  165.2299   0.006131    32.8
plateradec  278  51900  167.0274   0.02759     53.2
plateradec  279  51984  168.8617  -0.006131    37.4
plateradec  280  51612  170.4477   0.165528    48.8
plateradec  281  51614  171.8772   0.110367    46.0
plateradec  282  51658  173.7698  -0.119552    44.0
plateradec  283  51959  175.9749  -0.003067    34.4
plateradec  284  51943  177.9809  -0.064377    36.0
plateradec  285  51930  179.5607  -0.015336    55.1
plateradec  286  51999  181.3061   0.009192    22.2
plateradec  287  52023  183.1556   0.018392    33.3
plateradec  288  52000  184.8458  -0.018393    29.1
plateradec  289  51990  186.7077  -0.018393    23.5
plateradec  290  51941  188.9313   0.030653    25.9
plateradec  291  51928  190.7257  -0.036784    39.0
plateradec  292  51609  192.5814  -0.024523    24.9
plateradec  293  51689  194.4555   0.003067    30.3
plateradec  294  51986  196.5074   0.088895    26.4
plateradec  295  51985  198.0995  -0.018393    24.2
plateradec  296  51984  199.8694   0.067442    27.5
plateradec  297  51959  201.5657  -0.006131    28.6
plateradec  298  51955  203.4643  -0.006131    22.9
plateradec  299  51671  205.3568   0.00613     36.3
plateradec  300  51943  207.2248  -0.012261    31.6
plateradec  301  51942  209.6201  -0.055177    36.6
plateradec  302  51688  211.7207  -0.049045    31.2
plateradec  303  51615  213.4171   0.067436    30.3
plateradec  304  51957  214.5128   0.000000    24.6
plateradec  305  51613  216.3072   0.033721    33.2
plateradec  306  51637  217.8809  -0.082764    37.9
plateradec  307  51663  219.7244   0.055176    30.8
plateradec  308  51662  221.6414  -0.061306    36.1
plateradec  309  51994  223.6320   0.024523    38.9
plateradec  310  51990  225.8617   0.006131    26.2
plateradec  311  51665  227.2822   0.024523    27.1
plateradec  312  51689  229.0766   0.024522    31.7
plateradec  313  51673  230.9047  -0.021461    29.0
plateradec  315  51663  234.5733  -0.003067    25.3
plateradec  329  52056  176.6948  -2.365991    26.6
plateradec  334  51993  187.0326  -2.512612    22.7
plateradec  335  52000  189.4369  -2.463661    31.0
plateradec  336  51999  191.1425  -2.359446    23.8
plateradec  337  51997  192.8173  -2.537316    25.9
plateradec  338  51694  194.4798  -2.298465    32.7
plateradec  339  51692  196.2748  -2.601536    32.2
plateradec  340  51990  198.1302  -2.243178    31.5
plateradec  341  51690  200.1085  -2.424095    34.0
plateradec  342  51691  236.8886   0.116482    32.0
plateradec  343  51692  239.0417  -0.055176    35.1
plateradec  344  51693  240.6370   0.082765    30.5
plateradec  345  51690  242.3885  -0.073574    31.9
plateradec  346  51693  244.3640   0.021459    33.4
plateradec  348  51671  248.6672   0.042915    37.2
plateradec  349  51699  254.1442   63.65301    71.3
plateradec  350  51691  258.4975   65.13361    33.3
plateradec  351  51780  255.9522   61.61932    27.9
plateradec  352  51694  260.0012   63.03732    34.2
plateradec  353  51703  257.5362   59.56471    51.1
plateradec  354  51792  261.3024   60.92722    24.4
plateradec  355  51788  258.9371   57.49319    36.4
plateradec  358  51818  263.449    56.67619    35.8
plateradec  359  51821  261.3115   53.31098    29.6
plateradec  360  51780  264.3484   54.53896    28.1
plateradec  363  51989  232.7451   0.012261    36.7
plateradec  364  52000  246.4895   0.036784    51.9
plateradec  366  52017  262.4414   58.80614    29.3
plateradec  367  51997  260.1872   55.40782    68.9
plateradec  381  51811  347.3576  -0.005103    36.9
plateradec  382  51816  349.2559   0.028927    28.9
plateradec  383  51818  351.2021   0.114056    34.1
plateradec  384  51821  353.2949  -0.039799    33.7
plateradec  385  51877  355.3896   0.044447    48.4
plateradec  386  51788  357.6322   0.054045    25.7
plateradec  387  51791  359.8243   0.024279    38.6
plateradec  388  51793	1.824648  -0.004977    24.1
plateradec  389  51795  3.559816  -0.024787    38.6
plateradec  390  51900  5.222911  -0.033242    58.0
plateradec  391  51782  6.996416   0.045288    27.2
plateradec  392  51793  8.895636  -0.002085    38.1
plateradec  393  51794  10.81877   0.036910    32.8
plateradec  394  51913  12.72755  -0.032982   136.0
plateradec  395  51783  14.60911   0.015952    26.6
plateradec  396  51816  16.47033  -0.003799    35.0
plateradec  397  51794  18.2698    0.018470    39.7
plateradec  398  51789  19.83542   0.002187    38.5
plateradec  399  51817  21.66996   0.037560    38.2
plateradec  400  51820  23.63674   0.091532    31.2
plateradec  401  51788  25.82468  -0.020840    29.1
plateradec  402  51793  27.90636   0.001838    38.1
plateradec  403  51871  29.81986   0.010172    32.6
plateradec  404  51812  31.64598  -0.035247    32.4
plateradec  405  51816  33.68293  -0.032862    28.8
plateradec  406  51869  35.88296   0.125012    44.0
plateradec  407  51820  37.84602  -0.059406    34.2
plateradec  408  51821  39.82235   0.036863    31.4
plateradec  409  51871  41.99837   0.003951    35.7
plateradec  410  51816  43.86164  -0.016990    31.3
plateradec  411  51817  45.78709  -0.016838    34.5
plateradec  412  51931  47.73415   0.003511    46.2
plateradec  413  51929  49.68679   0.015299    33.5
plateradec  414  51901  51.63137  -0.011810    68.9
plateradec  415  51810  53.5228    0.030693    39.6
plateradec  416  51811  55.49162   0.013752    49.2
plateradec  417  51821  7.503754   14.98544    38.1
plateradec  418  51817  9.437012   15.00366    44.5
plateradec  419  51879  11.25491   14.9254     45.1
plateradec  420  51871  13.29529   14.84358    33.1
plateradec  421  51821  15.22501   14.75442    36.3
plateradec  422  51811  17.20926   14.68512    46.7
plateradec  423  51821  19.02258   14.5615     35.4
plateradec  424  51893  20.97617   14.43431    28.8
plateradec  425  51898  22.83069   14.31848    29.6
plateradec  427  51900  30.60168   13.57392    51.6
plateradec  428  51883  32.77121   13.37033    32.3
plateradec  429  51820  26.73242   13.98762    68.3
plateradec  430  51877  28.6571    13.80452    28.1
plateradec  431  51877  113.493    37.77187    38.4
plateradec  432  51884  115.2806   40.29012    39.2
plateradec  433  51873  116.5906   38.22675    44.3
plateradec  434  51885  117.2322   42.58798    62.5
plateradec  435  51882  118.6455   40.35415    45.5
plateradec  436  51883  119.0623   44.90602    41.9
plateradec  437  51869  120.4144   42.6763     38.0
plateradec  438  51884  121.3191   47.07481    44.7
plateradec  439  51877  122.5912   44.77729    38.6
plateradec  440  51885  123.3615   49.09413    45.0
plateradec  441  51868  124.8838   46.70488    35.1
plateradec  442  51882  125.7485   51.00508    36.5
plateradec  443  51873  127.1042   48.67989    53.0
plateradec  444  51883  128.0085   52.78669    37.0
plateradec  445  51873  129.4718   50.4908     38.6
plateradec  446  51899  130.4898   54.4992     36.1
plateradec  447  51877  132.0054   52.11727    38.7
plateradec  448  51900  133.1264   56.1908     46.6
plateradec  449  51900  134.5492   53.79977    40.3
plateradec  450  51908  137.3693   55.23323    67.1
plateradec  451  51908  140.4034   56.63736    38.7
plateradec  452  51911  143.3688   58.03687    25.1
plateradec  453  51915  146.7227   59.2506     27.6
plateradec  454  51908  36.92992  -8.527197    46.4
plateradec  455  51909  39.18254  -8.272115    36.3
plateradec  456  51910  41.3931   -8.085403    34.4
plateradec  457  51901  43.76398  -7.878086    31.5
plateradec  458  51929  45.95635  -7.561761    34.0
plateradec  459  51924  48.28299  -7.306252    44.5
plateradec  460  51924  50.59901  -7.050356    47.3
plateradec  461  51910  52.99241  -6.773609    29.8
plateradec  462  51909  55.22597  -6.508951    34.4
plateradec  463  51908  57.49633  -6.042278    29.8
plateradec  464  51908  59.74525  -5.737596    56.3
plateradec  465  51910  62.03894  -5.569426    42.4
plateradec  467  51901  131.6426   0.775938    31.1
plateradec  468  51912  133.2863   0.766204    33.3
plateradec  469  51913  134.6324   0.932488    36.7
plateradec  470  51929  136.0569   0.023544    29.6
plateradec  471  51924  136.8368   1.822615    25.9
plateradec  472  51955  138.5491   0.152725    26.3
plateradec  473  51929  139.7852   2.118557    49.4
plateradec  474  52000  141.2469  -0.368210    30.8
plateradec  475  51965  142.3491   1.637281    25.6
plateradec  477  52026  144.9334   2.11268     26.8
plateradec  480  51989  146.5726   1.425264    44.2
plateradec  481  51908  148.0424   1.637853    37.9
plateradec  483  51924  134.392    57.02572    37.9
plateradec  484  51907  138.121    58.30863    33.2
plateradec  485  51909  141.3733   59.96229    32.7
plateradec  486  51910  145.283    61.21771    31.8
plateradec  487  51943  149.1951   63.00708    50.8
plateradec  489  51930  159.1419   65.27       37.3
plateradec  490  51929  164.5689   66.26241    52.1
plateradec  491  51942  170.3793   66.79806    60.9
plateradec  492  51955  176.3974   67.24036    44.2
plateradec  493  51957  182.3474   67.48811    31.1
plateradec  494  51915  188.0465   67.48564    74.2
plateradec  495  51988  194.2416   67.25335    27.6
plateradec  496  51988  200.6724   66.643      30.1
plateradec  497  51989  206.2356   66.15079    27.7
plateradec  498  51984  211.7677   65.07558    32.9
plateradec  499  51988  216.6422   64.10052    58.6
plateradec  500  51994  149.2254   1.888114    33.9
plateradec  502  51957  152.8089   1.946754    61.1
plateradec  503  51999  154.8717   2.092348    44.9
plateradec  506  52022  160.7715   2.196035    38.7
plateradec  512  51992  172.4187   2.345283    33.6
plateradec  513  51989  174.2352   2.315356    38.8
plateradec  514  51994  176.3343   2.448638    31.6
plateradec  515  52051  178.4755   2.401689    30.5
plateradec  516  52017  180.4229   2.429961    24.7
plateradec  517  52024  182.1703   2.449349    35.4
plateradec  522  52024  191.9242   2.323242    30.3
plateradec  523  52026  194.0215   2.410512    26.9
plateradec  524  52027  196.1123   2.395804    25.0
plateradec  528  52022  203.9791   2.286732    45.7
plateradec  529  52025  205.8154   2.241922    33.8
plateradec  530  52026  207.773    2.301151    27.3
plateradec  531  52028  209.8731   2.096705    29.9
plateradec  532  51993  211.7432   2.112843    24.2
plateradec  533  51994  213.7463   2.150797    30.1
plateradec  534  51997  215.7421   1.980978    37.6
plateradec  535  51999  217.6889   1.962095    31.4
plateradec  536  52024  219.6766   1.871281    31.4
plateradec  537  52027  221.6386   1.818738    28.0
plateradec  538  52029  223.6007   1.75875     29.3
plateradec  539  52017  225.5631   1.714675    33.7
plateradec  540  51996  227.5253   1.661697    23.2
plateradec  542  51993  116.3607   34.98456   100.2
plateradec  543  52017  118.0757   37.11813    31.3
plateradec  548  51986  126.4874   45.24026    82.4
plateradec  549  51981  128.2768   46.65639    35.6
plateradec  550  51959  130.1218   48.00963    59.7
plateradec  551  51993  133.9889   50.5437     35.6
plateradec  552  51992  136.0142   51.72767    63.2
plateradec  553  51999  138.1255   52.85424    36.4
plateradec  554  52000  140.3102   53.93018    27.8
plateradec  556  51991  144.9287   55.91045    39.9
plateradec  582  52045  211.5605   4.403174    29.7
plateradec  583  52055  213.7811   4.291871    29.3
plateradec  584  52049  215.6964   4.105816    30.6
plateradec  585  52027  217.5007   4.011527    27.0
plateradec  586  52023  219.3664   3.926835    36.3
plateradec  587  52026  221.2692   3.849299    57.7
plateradec  588  52045  223.3049   3.854255    30.6
plateradec  589  52055  225.6774   3.764108    36.1
plateradec  590  52057  227.3057   3.51666     28.3
plateradec  591  52022  229.4444   3.400621    33.7
plateradec  592  52025  231.4444   3.400026    33.0
plateradec  593  52026  233.6779   3.258828    30.1
plateradec  594  52045  236.4606   3.066586    34.6
plateradec  595  52023  239.4913   2.998434    26.6
plateradec  597  52059  173.2454   64.4445     26.4
plateradec  602  52072  196.9821   64.467      38.9
plateradec  603  52056  201.6459   64.00013    25.5
plateradec  604  52079  206.0401   63.44893    28.2
plateradec  608  52081  221.6979   59.80884    34.9
plateradec  610  52056  225.0615   58.57975    29.0
plateradec  611  52055  226.3231   61.17753    28.9
plateradec  612  52079  228.3276   57.28843    27.9
plateradec  617  52072  236.0179   56.699      29.2
plateradec  618  52049  237.2845   52.63491    39.7
plateradec  619  52056  238.8576   54.98555    25.6
plateradec  621  52055  241.7247   53.39241    35.1
plateradec  622  52054  242.1463   48.66839    26.6
plateradec  623  52051  243.3355   51.38711    29.8
plateradec  626  52057  247.4709   44.45439    24.4
plateradec  628  52083  249.9608   42.2337     21.5
plateradec  629  52051  251.2524   44.5102     24.1
plateradec  630  52050  251.8774   39.91052    46.9
plateradec  631  52079  253.5084   42.03305    27.7
plateradec  632  52071  254.1562   38.27583    25.2
plateradec  633  52079  255.5753   39.4235     29.0
plateradec  634  52164  309.8841  -5.849593    31.6
plateradec  635  52145  311.8032  -5.938691    29.1
plateradec  636  52176  313.7545  -6.30609     36.6
plateradec  637  52174  315.531   -6.552137    34.0
plateradec  638  52081  317.3919  -6.785128    34.0
plateradec  639  52146  319.4837  -7.080215    24.9
plateradec  640  52178  321.2328  -7.243572    31.0
plateradec  641  52199  323.0767  -7.512009    30.9
plateradec  644  52173  327.7215  -7.956213    40.1
plateradec  645  52203  350.0283  -9.698608    25.5
plateradec  649  52201  358.3274  -9.948489    27.9
plateradec  650  52143  0.227458  -9.93977     31.1
plateradec  651  52141  2.19311   -9.959521    24.7
plateradec  652  52138  4.041148  -10.00997    29.3
plateradec  653  52145  6.016317  -10.00822    35.5
plateradec  654  52146  7.883189  -10.00564    27.6
plateradec  655  52162  9.780763  -9.993624    36.8
plateradec  656  52148  11.61304  -9.905823    31.2
plateradec  657  52177  13.55698  -9.87413     32.2
plateradec  658  52146  15.42949  -9.861225    31.5
plateradec  659  52199  17.28062  -9.769118    37.7
plateradec  660  52177  19.24191  -9.765333    34.8
plateradec  661  52163  21.13855  -9.593205    31.5
plateradec  662  52147  23.08659  -9.497511    36.7
plateradec  663  52145  24.93799  -9.398937    35.6
plateradec  664  52174  26.80529  -9.310277    27.1
plateradec  665  52168  28.71705  -9.168695    28.7
plateradec  666  52149  30.59274  -9.008759    60.0
plateradec  667  52163  32.69604  -9.007648    23.8
plateradec  668  52162  34.81894  -8.647731    30.4
